[gd_scene load_steps=16 format=2]

[ext_resource path="res://addons/jean28518.jTools/jSaveManager/jSaveModule.tscn" type="PackedScene" id=1]
[ext_resource path="res://addons/jean28518.jTools/jSaveManager/jSaveModule.gd" type="Script" id=2]
[ext_resource path="res://Data/Scripts/SpeedLimitSignal.gd" type="Script" id=3]
[ext_resource path="res://Data/Modules/Rail.tscn" type="PackedScene" id=4]
[ext_resource path="res://Data/Scripts/Signal.gd" type="Script" id=5]
[ext_resource path="res://Data/Scripts/Station.gd" type="Script" id=6]
[ext_resource path="res://Data/Scripts/Rail.gd" type="Script" id=7]
[ext_resource path="res://Data/Scripts/ContactPoint.gd" type="Script" id=8]
[ext_resource path="res://Data/Modules/Station.tscn" type="PackedScene" id=10]
[ext_resource path="res://Data/Modules/Signal.tscn" type="PackedScene" id=11]
[ext_resource path="res://Data/Scripts/World.gd" type="Script" id=12]
[ext_resource path="res://Data/Modules/SpeedLimit_Lf7.tscn" type="PackedScene" id=16]
[ext_resource path="res://Resources/Environments/BasicWorldEnvironment.tres" type="Environment" id=18]
[ext_resource path="res://Data/Modules/ContactPoint.tscn" type="PackedScene" id=29]
[ext_resource path="res://Resources/Environments/BasicSun.tscn" type="PackedScene" id=38]

[node name="World" type="Spatial"]
script = ExtResource( 12 )
FileName = "Hainfurt"

[node name="WorldEnvironment" type="WorldEnvironment" parent="."]
environment = ExtResource( 18 )

[node name="Players" type="Spatial" parent="."]

[node name="Signals" type="Spatial" parent="."]

[node name="Wolfsfurt" type="Spatial" parent="Signals" groups=[
"Signal",
] instance=ExtResource( 10 )]
transform = Transform( 0.991335, 0, -0.131357, 0, 1, 0, 0.131357, 0, 0.991335, 28.9949, 3.8147e-06, -1.26974 )
script = ExtResource( 6 )
stationLength = 150
platform_side = 1
personSystem = true
platformHeight = 1.2
platformStart = 2.5
platformEnd = 4.5
attached_rail = "RailP15"
on_rail_position = 245.0
forward = false

[node name="Silberbach" type="Spatial" parent="Signals" groups=[
"Signal",
] instance=ExtResource( 10 )]
transform = Transform( 0.844004, -0.00703626, -0.536291, 0, 0.999914, -0.0131191, 0.536337, 0.0110726, 0.843931, 3827.16, 3.8147e-06, 176.506 )
script = ExtResource( 6 )
stationLength = 150
platform_side = 2
personSystem = true
platformHeight = 1.2
platformStart = 2.5
platformEnd = 4.5
attached_rail = "Icking2"
on_rail_position = 200.0
forward = true

[node name="SignalSilberbach_A1" type="Spatial" parent="Signals" groups=[
"Signal",
] instance=ExtResource( 11 )]
transform = Transform( 0.754526, 0, -0.65627, 0, 1, 0, 0.65627, 0, 0.754526, 4066.49, 3.8147e-06, 355.06 )
visible = false
script = ExtResource( 5 )
signal_type = 3
status = 0
set_pass_at_h = 12
set_pass_at_m = 4
set_pass_at_s = 30
speed = 120.0
is_block_signal = false
visual_instance_path = "res://Resources/SignalTypes/Ks/Ks.tscn"
attached_rail = "Icking3"
forward = true
on_rail_position = 0

[node name="SignalSilberbach_E1" type="Spatial" parent="Signals" groups=[
"Signal",
] instance=ExtResource( 11 )]
transform = Transform( 0.893433, 0, -0.449196, 0, 1, 0, 0.449196, 0, 0.893433, 3539.14, 3.8147e-06, 15.4543 )
visible = false
script = ExtResource( 5 )
signal_type = 3
status = 1
set_pass_at_h = 25
set_pass_at_m = 0
set_pass_at_s = 0
speed = 60.0
is_block_signal = false
visual_instance_path = "res://Resources/SignalTypes/Ks/Ks.tscn"
attached_rail = "RailP12"
forward = true
on_rail_position = 20

[node name="Signal_STK1" type="Spatial" parent="Signals" groups=[
"Signal",
] instance=ExtResource( 11 )]
transform = Transform( 0.949038, 0, -0.315161, 0, 1, 0, 0.315161, 0, 0.949038, 2815.53, 3.8147e-06, 315.419 )
visible = false
script = ExtResource( 5 )
signal_type = 3
status = 1
set_pass_at_h = 25
set_pass_at_m = 0
set_pass_at_s = 0
speed = -1.0
is_block_signal = false
visual_instance_path = "res://Resources/SignalTypes/Ks/Ks.tscn"
attached_rail = "RailP10"
forward = true
on_rail_position = 40

[node name="Signal_STK2" type="Spatial" parent="Signals" groups=[
"Signal",
] instance=ExtResource( 11 )]
transform = Transform( 0.898718, 0, -0.438528, 0, 1, 0, 0.438528, 0, 0.898718, 1560.59, 3.8147e-06, -227.425 )
visible = false
script = ExtResource( 5 )
signal_type = 3
status = 1
set_pass_at_h = 25
set_pass_at_m = 0
set_pass_at_s = 0
speed = 100.0
is_block_signal = false
visual_instance_path = "res://Resources/SignalTypes/Ks/Ks.tscn"
attached_rail = "RailP6"
forward = true
on_rail_position = 20

[node name="Signal_Wolfsfurt_A3" type="Spatial" parent="Signals" groups=[
"Signal",
] instance=ExtResource( 11 )]
transform = Transform( 0.999357, 0, -0.0358656, 0, 1, 0, 0.0358656, 0, 0.999357, 326.658, 3.8147e-06, 35.5158 )
visible = false
script = ExtResource( 5 )
signal_type = 3
status = 0
set_pass_at_h = 25
set_pass_at_m = 1
set_pass_at_s = 0
speed = 80.0
is_block_signal = false
visual_instance_path = "res://Resources/SignalTypes/Ks/Ks.tscn"
attached_rail = "RailP14"
forward = false
on_rail_position = 200

[node name="Signal2" type="Spatial" parent="Signals" groups=[
"Signal",
] instance=ExtResource( 11 )]
transform = Transform( 0.991335, 0, -0.131357, 0, 1, 0, 0.131357, 0, 0.991335, 326.198, 3.8147e-06, 25.9838 )
visible = false
script = ExtResource( 5 )
signal_type = 3
status = 0
set_pass_at_h = 12
set_pass_at_m = 1
set_pass_at_s = 0
speed = 80.0
is_block_signal = false
visual_instance_path = "res://Resources/SignalTypes/Ks/Ks.tscn"
attached_rail = "RailP2"
forward = true
on_rail_position = 0

[node name="Signal" type="Spatial" parent="Signals" groups=[
"Signal",
] instance=ExtResource( 11 )]
transform = Transform( 0.991335, 0, -0.131357, 0, 1, 0, 0.131357, 0, 0.991335, 326.789, 3.8147e-06, 21.5228 )
visible = false
script = ExtResource( 5 )
signal_type = 3
status = 0
set_pass_at_h = 25
set_pass_at_m = 0
set_pass_at_s = 0
speed = -1.0
is_block_signal = false
visual_instance_path = "res://Resources/SignalTypes/Ks/Ks.tscn"
attached_rail = "RailP2P"
forward = true
on_rail_position = 0

[node name="SignalSTK3" type="Spatial" parent="Signals" groups=[
"Signal",
] instance=ExtResource( 11 )]
transform = Transform( 0.94833, 0, -0.317285, 0, 1, 0, 0.317285, 0, 0.94833, 5126.12, 3.8147e-06, 968.331 )
visible = false
script = ExtResource( 5 )
signal_type = 3
status = 1
set_pass_at_h = 25
set_pass_at_m = 0
set_pass_at_s = 0
speed = -1.0
is_block_signal = false
visual_instance_path = "res://Resources/SignalTypes/Ks/Ks.tscn"
attached_rail = "Icking7"
forward = true
on_rail_position = 30

[node name="SignalSTK4" type="Spatial" parent="Signals" groups=[
"Signal",
] instance=ExtResource( 11 )]
transform = Transform( 0.952761, 0, -0.303724, 0, 1, 0, 0.303724, 0, 0.952761, 6639.59, 3.8147e-06, 1568.37 )
visible = false
script = ExtResource( 5 )
signal_type = 3
status = 1
set_pass_at_h = 25
set_pass_at_m = 0
set_pass_at_s = 0
speed = -1.0
is_block_signal = false
visual_instance_path = "res://Resources/SignalTypes/Ks/Ks.tscn"
attached_rail = "Icking10"
forward = true
on_rail_position = 30

[node name="Signal_Goldensee_E" type="Spatial" parent="Signals" groups=[
"Signal",
] instance=ExtResource( 11 )]
transform = Transform( 0.956686, 0, -0.291122, 0, 1, 0, 0.291122, 0, 0.956686, 7269.72, 3.8147e-06, 1764.67 )
visible = false
script = ExtResource( 5 )
signal_type = 3
status = 1
set_pass_at_h = 25
set_pass_at_m = 0
set_pass_at_s = 0
speed = 80.0
is_block_signal = false
visual_instance_path = "res://Resources/SignalTypes/Ks/Ks.tscn"
attached_rail = "Icking10"
forward = true
on_rail_position = 690

[node name="Signal_Goldensee_A1" type="Spatial" parent="Signals" groups=[
"Signal",
] instance=ExtResource( 11 )]
transform = Transform( 0.588808, 0, -0.808273, 0, 1, 0, 0.808273, 0, 0.588808, 7794.72, 3.8147e-06, 2316 )
visible = false
script = ExtResource( 5 )
signal_type = 3
status = 0
set_pass_at_h = 25
set_pass_at_m = 7
set_pass_at_s = 50
speed = -1.0
is_block_signal = false
visual_instance_path = "res://Resources/SignalTypes/Ks/Ks.tscn"
attached_rail = "Ebenhausen4Connector"
forward = true
on_rail_position = 20

[node name="SignalSTK5" type="Spatial" parent="Signals" groups=[
"Signal",
] instance=ExtResource( 11 )]
transform = Transform( 0.980796, 0, -0.195037, 0, 1, 0, 0.195037, 0, 0.980796, 8904.37, 3.8147e-06, 2282.46 )
visible = false
script = ExtResource( 5 )
signal_type = 3
status = 1
set_pass_at_h = 25
set_pass_at_m = 0
set_pass_at_s = 0
speed = 110.0
is_block_signal = false
visual_instance_path = "res://Resources/SignalTypes/Ks/Ks.tscn"
attached_rail = "Ebenhausen7"
forward = true
on_rail_position = 200

[node name="SignalSTK6" type="Spatial" parent="Signals" groups=[
"Signal",
] instance=ExtResource( 11 )]
transform = Transform( 0.772583, 0, -0.634914, 0, 1, 0, 0.634914, 0, 0.772583, 10207.8, 3.8147e-06, 2842.98 )
visible = false
script = ExtResource( 5 )
signal_type = 3
status = 1
set_pass_at_h = 25
set_pass_at_m = 0
set_pass_at_s = 0
speed = -1.0
is_block_signal = false
visual_instance_path = "res://Resources/SignalTypes/Ks/Ks.tscn"
attached_rail = "Ebenhausen12"
forward = true
on_rail_position = 40

[node name="SignalSTK7" type="Spatial" parent="Signals" groups=[
"Signal",
] instance=ExtResource( 11 )]
transform = Transform( 0.960471, 0, -0.278381, 0, 1, 0, 0.278381, 0, 0.960471, 11448.5, 3.8147e-06, 3335.47 )
visible = false
script = ExtResource( 5 )
signal_type = 3
status = 0
set_pass_at_h = 12
set_pass_at_m = 10
set_pass_at_s = 0
speed = 90.0
is_block_signal = false
visual_instance_path = "res://Resources/SignalTypes/Ks/Ks.tscn"
attached_rail = "Ebenhausen16"
forward = true
on_rail_position = 20

[node name="Klingental_E" type="Spatial" parent="Signals" groups=[
"Signal",
] instance=ExtResource( 11 )]
transform = Transform( 0.87535, 0, -0.483491, 0, 1, 0, 0.483491, 0, 0.87535, 12391.5, 3.8147e-06, 4179 )
visible = false
script = ExtResource( 5 )
signal_type = 3
status = 1
set_pass_at_h = 25
set_pass_at_m = 0
set_pass_at_s = 0
speed = 80.0
is_block_signal = false
visual_instance_path = "res://Resources/SignalTypes/Ks/Ks.tscn"
attached_rail = "Ebenhausen19"
forward = true
on_rail_position = 320

[node name="Klingental_A1" type="Spatial" parent="Signals" groups=[
"Signal",
] instance=ExtResource( 11 )]
transform = Transform( 0.0712607, 0, -0.997458, 0, 1, 0, 0.997458, 0, 0.0712607, 12609.3, 3.8147e-06, 4626.02 )
visible = false
script = ExtResource( 5 )
signal_type = 3
status = 1
set_pass_at_h = 25
set_pass_at_m = 0
set_pass_at_s = 0
speed = -1.0
is_block_signal = false
visual_instance_path = "res://Resources/SignalTypes/Ks/Ks.tscn"
attached_rail = "Ebenhausen23"
forward = true
on_rail_position = 0

[node name="SignalSTK8" type="Spatial" parent="Signals" groups=[
"Signal",
] instance=ExtResource( 11 )]
transform = Transform( 0.754936, 0, -0.655799, 0, 1, 0, 0.655799, 0, 0.754936, 13507, 3.8147e-06, 5257.12 )
visible = false
script = ExtResource( 5 )
signal_type = 3
status = 1
set_pass_at_h = 25
set_pass_at_m = 0
set_pass_at_s = 0
speed = -1.0
is_block_signal = false
visual_instance_path = "res://Resources/SignalTypes/Ks/Ks.tscn"
attached_rail = "Buchenhain2"
forward = true
on_rail_position = 30

[node name="Signal_BuchenhainE" type="Spatial" parent="Signals" groups=[
"Signal",
] instance=ExtResource( 11 )]
transform = Transform( 0.890898, 0, -0.454202, 0, 1, 0, 0.454202, 0, 0.890898, 14730.1, 3.8147e-06, 6213.77 )
visible = false
script = ExtResource( 5 )
signal_type = 3
status = 1
set_pass_at_h = 12
set_pass_at_m = 15
set_pass_at_s = 0
speed = -1.0
is_block_signal = false
visual_instance_path = "res://Resources/SignalTypes/Ks/Ks.tscn"
attached_rail = "Höllkriegelsreuth"
forward = true
on_rail_position = 290

[node name="Signal_BuchenhainA1" type="Spatial" parent="Signals" groups=[
"Signal",
] instance=ExtResource( 11 )]
transform = Transform( 0.892861, 0, -0.450332, 0, 1, 0, 0.450332, 0, 0.892861, 15312.2, 3.8147e-06, 6523.61 )
visible = false
script = ExtResource( 5 )
signal_type = 3
status = 1
set_pass_at_h = 12
set_pass_at_m = 17
set_pass_at_s = 25
speed = 120.0
is_block_signal = false
visual_instance_path = "res://Resources/SignalTypes/Ks/Ks.tscn"
attached_rail = "Höllkriegelsreuth9PConnector2"
forward = true
on_rail_position = 50

[node name="Goldensee" type="Spatial" parent="Signals" groups=[
"Signal",
] instance=ExtResource( 10 )]
transform = Transform( 0.589004, 0, -0.80813, 0, 1, 0, 0.80813, 0, 0.589004, 7666.8, 3.8147e-06, 2140.45 )
script = ExtResource( 6 )
stationLength = 150
platform_side = 2
personSystem = true
platformHeight = 1.2
platformStart = 2.5
platformEnd = 4.5
attached_rail = "Ebenhausen"
on_rail_position = 250.0
forward = true

[node name="Klingental" type="Spatial" parent="Signals" groups=[
"Signal",
] instance=ExtResource( 10 )]
transform = Transform( 0.0712602, 0, -0.997458, 0, 1, 0, 0.997458, 0, 0.0712602, 12598.7, 3.8147e-06, 4478.4 )
script = ExtResource( 6 )
stationLength = 150
platform_side = 2
personSystem = true
platformHeight = 1.2
platformStart = 2.5
platformEnd = 4.5
attached_rail = "Ebenhausen22"
on_rail_position = 2.0
forward = true

[node name="Siemenswerke" type="Spatial" parent="Signals" groups=[
"Signal",
] instance=ExtResource( 10 )]
transform = Transform( 0.748026, 0, -0.663669, 0, 1, 0, 0.663669, 0, 0.748026, 13709.9, 3.8147e-06, 5435.25 )
script = ExtResource( 6 )
stationLength = 150
platform_side = 2
personSystem = true
platformHeight = 1.2
platformStart = 2.5
platformEnd = 4.5
attached_rail = "Buchenhain2"
on_rail_position = 300.0
forward = true

[node name="Buchenhain" type="Spatial" parent="Signals" groups=[
"Signal",
] instance=ExtResource( 10 )]
transform = Transform( 0.875349, 0, -0.483491, 0, 1, 0, 0.483491, 0, 0.875349, 15092.9, 3.8147e-06, 6403.56 )
script = ExtResource( 6 )
stationLength = 200
platform_side = 1
personSystem = true
platformHeight = 1.2
platformStart = 2.5
platformEnd = 4.5
attached_rail = "Höllkriegelsreuth9P"
on_rail_position = 0.0
forward = true

[node name="Signal3" type="Spatial" parent="Signals" groups=[
"Signal",
] instance=ExtResource( 11 )]
transform = Transform( 0.875882, 0, -0.482527, 0, 1, 0, 0.482527, 0, 0.875882, 15735.6, 3.8147e-06, 6749.93 )
visible = false
script = ExtResource( 5 )
signal_type = 3
status = 0
set_pass_at_h = 12
set_pass_at_m = 17
set_pass_at_s = 30
speed = 160.0
is_block_signal = false
visual_instance_path = "res://Resources/SignalTypes/Ks/Ks.tscn"
attached_rail = "Höllkriegelsreuth13P"
forward = true
on_rail_position = 30

[node name="Signal4" type="Spatial" parent="Signals" groups=[
"Signal",
] instance=ExtResource( 11 )]
transform = Transform( 0.866335, 0, -0.499464, 0, 1, 0, 0.499464, 0, 0.866335, 15302.1, 3.8147e-06, 6498.62 )
visible = false
script = ExtResource( 5 )
signal_type = 3
status = 0
set_pass_at_h = 25
set_pass_at_m = 0
set_pass_at_s = 0
speed = -1.0
is_block_signal = false
visual_instance_path = "res://Resources/SignalTypes/Ks/Ks.tscn"
attached_rail = "Höllkriegelsreuth5P3Connector"
forward = true
on_rail_position = 30

[node name="Signal5" type="Spatial" parent="Signals" groups=[
"Signal",
] instance=ExtResource( 11 )]
transform = Transform( 0.87535, 0, -0.483491, 0, 1, 0, 0.483491, 0, 0.87535, 15300.1, 3.8147e-06, 6504.26 )
visible = false
script = ExtResource( 5 )
signal_type = 3
status = 0
set_pass_at_h = 25
set_pass_at_m = 0
set_pass_at_s = 0
speed = -1.0
is_block_signal = false
visual_instance_path = "res://Resources/SignalTypes/Ks/Ks.tscn"
attached_rail = "Höllkriegelsreuth10"
forward = true
on_rail_position = 30

[node name="Signal6" type="Spatial" parent="Signals" groups=[
"Signal",
] instance=ExtResource( 11 )]
transform = Transform( 0.829877, 0, -0.557948, 0, 1, 0, 0.557948, 0, 0.829877, 15015.6, 3.8147e-06, 6335.08 )
visible = false
script = ExtResource( 5 )
signal_type = 3
status = 0
set_pass_at_h = 25
set_pass_at_m = 0
set_pass_at_s = 0
speed = -1.0
is_block_signal = false
visual_instance_path = "res://Resources/SignalTypes/Ks/Ks.tscn"
attached_rail = "Höllkriegelsreuth5P4"
forward = false
on_rail_position = 100

[node name="Signal7" type="Spatial" parent="Signals" groups=[
"Signal",
] instance=ExtResource( 11 )]
transform = Transform( -0.87535, 0, 0.483491, 0, 1, 0, -0.483491, 0, -0.87535, 15105.3, 3.8147e-06, 6389.61 )
visible = false
script = ExtResource( 5 )
signal_type = 3
status = 0
set_pass_at_h = 25
set_pass_at_m = 0
set_pass_at_s = 0
speed = -1.0
is_block_signal = false
visual_instance_path = "res://Resources/SignalTypes/Ks/Ks.tscn"
attached_rail = "Höllkriegelsreuth5P3"
forward = false
on_rail_position = 5

[node name="Signal8" type="Spatial" parent="Signals" groups=[
"Signal",
] instance=ExtResource( 11 )]
transform = Transform( -0.90639, 0, 0.42244, 0, 1, 0, -0.42244, 0, -0.90639, 15080.9, 3.8147e-06, 6384 )
visible = false
script = ExtResource( 5 )
signal_type = 3
status = 0
set_pass_at_h = 13
set_pass_at_m = 41
set_pass_at_s = 10
speed = -1.0
is_block_signal = false
visual_instance_path = "res://Resources/SignalTypes/Ks/Ks.tscn"
attached_rail = "Höllkriegelsreuth9Connector"
forward = true
on_rail_position = 20

[node name="Signal9" type="Spatial" parent="Signals" groups=[
"Signal",
] instance=ExtResource( 11 )]
transform = Transform( -0.879308, 0, 0.476254, 0, 1, 0, -0.476254, 0, -0.879308, 15075.6, 3.8147e-06, 6394.11 )
visible = false
script = ExtResource( 5 )
signal_type = 3
status = 0
set_pass_at_h = 25
set_pass_at_m = 0
set_pass_at_s = 0
speed = -1.0
is_block_signal = false
visual_instance_path = "res://Resources/SignalTypes/Ks/Ks.tscn"
attached_rail = "Höllkriegelsreuth9PConnector"
forward = false
on_rail_position = 30

[node name="Signal10" type="Spatial" parent="Signals" groups=[
"Signal",
] instance=ExtResource( 11 )]
transform = Transform( -0.743861, 0, 0.668334, 0, 1, 0, -0.668334, 0, -0.743861, 14176.1, 3.8147e-06, 5858.88 )
visible = false
script = ExtResource( 5 )
signal_type = 3
status = 1
set_pass_at_h = 25
set_pass_at_m = 0
set_pass_at_s = 0
speed = -1.0
is_block_signal = false
visual_instance_path = "res://Resources/SignalTypes/Ks/Ks.tscn"
attached_rail = "Buchenhain3"
forward = false
on_rail_position = 30

[node name="Signal11" type="Spatial" parent="Signals" groups=[
"Signal",
] instance=ExtResource( 11 )]
transform = Transform( -0.824979, 0, 0.565163, 0, 1, 0, -0.565163, 0, -0.824979, 12728, 3.8147e-06, 4812.58 )
visible = false
script = ExtResource( 5 )
signal_type = 3
status = 0
set_pass_at_h = 25
set_pass_at_m = 0
set_pass_at_s = 0
speed = -1.0
is_block_signal = false
visual_instance_path = "res://Resources/SignalTypes/Ks/Ks.tscn"
attached_rail = "Ebenhausen24"
forward = false
on_rail_position = 30

[node name="Signal12" type="Spatial" parent="Signals" groups=[
"Signal",
] instance=ExtResource( 11 )]
transform = Transform( -0.153614, 0, 0.988131, 0, 1, 0, -0.988131, 0, -0.153614, 12600.4, 3.8147e-06, 4454.68 )
visible = false
script = ExtResource( 5 )
signal_type = 3
status = 1
set_pass_at_h = 25
set_pass_at_m = 0
set_pass_at_s = 0
speed = -1.0
is_block_signal = false
visual_instance_path = "res://Resources/SignalTypes/Ks/Ks.tscn"
attached_rail = "Ebenhausen21"
forward = false
on_rail_position = 330

[node name="Signal13" type="Spatial" parent="Signals" groups=[
"Signal",
] instance=ExtResource( 11 )]
transform = Transform( -0.51633, 0, 0.85639, 0, 1, 0, -0.85639, 0, -0.51633, 11794.5, 3.8147e-06, 3647.3 )
visible = false
script = ExtResource( 5 )
signal_type = 3
status = 0
set_pass_at_h = 25
set_pass_at_m = 0
set_pass_at_s = 0
speed = -1.0
is_block_signal = false
visual_instance_path = "res://Resources/SignalTypes/Ks/Ks.tscn"
attached_rail = "Ebenhausen17"
forward = false
on_rail_position = 100

[node name="Signal14" type="Spatial" parent="Signals" groups=[
"Signal",
] instance=ExtResource( 11 )]
transform = Transform( -0.784899, 0, 0.619623, 0, 1, 0, -0.619623, 0, -0.784899, 10514.4, 3.8147e-06, 3115.09 )
visible = false
script = ExtResource( 5 )
signal_type = 3
status = 1
set_pass_at_h = 25
set_pass_at_m = 0
set_pass_at_s = 0
speed = -1.0
is_block_signal = false
visual_instance_path = "res://Resources/SignalTypes/Ks/Ks.tscn"
attached_rail = "Ebenhausen13"
forward = false
on_rail_position = 50

[node name="Signal15" type="Spatial" parent="Signals" groups=[
"Signal",
] instance=ExtResource( 11 )]
transform = Transform( -0.85038, 0, 0.526168, 0, 1, 0, -0.526168, 0, -0.85038, 9299.14, 3.8147e-06, 2494.42 )
visible = false
script = ExtResource( 5 )
signal_type = 3
status = 1
set_pass_at_h = 25
set_pass_at_m = 0
set_pass_at_s = 0
speed = -1.0
is_block_signal = false
visual_instance_path = "res://Resources/SignalTypes/Ks/Ks.tscn"
attached_rail = "Ebenhausen9"
forward = false
on_rail_position = 50

[node name="Signal16" type="Spatial" parent="Signals" groups=[
"Signal",
] instance=ExtResource( 11 )]
transform = Transform( -0.999873, 0, 0.0159449, 0, 1, 0, -0.0159449, 0, -0.999873, 8083.69, 3.8147e-06, 2463.27 )
visible = false
script = ExtResource( 5 )
signal_type = 3
status = 1
set_pass_at_h = 25
set_pass_at_m = 0
set_pass_at_s = 0
speed = 60.0
is_block_signal = false
visual_instance_path = "res://Resources/SignalTypes/Ks/Ks.tscn"
attached_rail = "Ebenhausen3"
forward = false
on_rail_position = 50

[node name="Signal17" type="Spatial" parent="Signals" groups=[
"Signal",
] instance=ExtResource( 11 )]
transform = Transform( -0.616632, 0, 0.787251, 0, 1, 0, -0.787251, 0, -0.616632, 7522.92, 3.8147e-06, 1934.54 )
visible = false
script = ExtResource( 5 )
signal_type = 3
status = 0
set_pass_at_h = 25
set_pass_at_m = 0
set_pass_at_s = 0
speed = -1.0
is_block_signal = false
visual_instance_path = "res://Resources/SignalTypes/Ks/Ks.tscn"
attached_rail = "Icking12"
forward = false
on_rail_position = 300

[node name="Signal18" type="Spatial" parent="Signals" groups=[
"Signal",
] instance=ExtResource( 11 )]
transform = Transform( -0.747926, 0, 0.663782, 0, 1, 0, -0.663782, 0, -0.747926, 6395.31, 3.8147e-06, 1436.46 )
visible = false
script = ExtResource( 5 )
signal_type = 3
status = 1
set_pass_at_h = 25
set_pass_at_m = 0
set_pass_at_s = 0
speed = -1.0
is_block_signal = false
visual_instance_path = "res://Resources/SignalTypes/Ks/Ks.tscn"
attached_rail = "Icking9"
forward = false
on_rail_position = 50

[node name="Signal19" type="Spatial" parent="Signals" groups=[
"Signal",
] instance=ExtResource( 11 )]
transform = Transform( -0.939076, 0, 0.34371, 0, 1, 0, -0.34371, 0, -0.939076, 5050.52, 3.8147e-06, 942.173 )
visible = false
script = ExtResource( 5 )
signal_type = 3
status = 1
set_pass_at_h = 25
set_pass_at_m = 0
set_pass_at_s = 0
speed = -1.0
is_block_signal = false
visual_instance_path = "res://Resources/SignalTypes/Ks/Ks.tscn"
attached_rail = "Icking6"
forward = false
on_rail_position = 450

[node name="Signal20" type="Spatial" parent="Signals" groups=[
"Signal",
] instance=ExtResource( 11 )]
transform = Transform( -0.822009, 0, 0.569474, 0, 1, 0, -0.569474, 0, -0.822009, 4240.08, 3.8147e-06, 490.027 )
visible = false
script = ExtResource( 5 )
signal_type = 3
status = 1
set_pass_at_h = 25
set_pass_at_m = 0
set_pass_at_s = 0
speed = -1.0
is_block_signal = false
visual_instance_path = "res://Resources/SignalTypes/Ks/Ks.tscn"
attached_rail = "Icking4"
forward = false
on_rail_position = 20

[node name="Signal21" type="Spatial" parent="Signals" groups=[
"Signal",
] instance=ExtResource( 11 )]
transform = Transform( -0.893433, 0, 0.449196, 0, 1, 0, -0.449196, 0, -0.893433, 3637.42, 3.8147e-06, 64.8659 )
visible = false
script = ExtResource( 5 )
signal_type = 3
status = 1
set_pass_at_h = 25
set_pass_at_m = 0
set_pass_at_s = 0
speed = -1.0
is_block_signal = false
visual_instance_path = "res://Resources/SignalTypes/Ks/Ks.tscn"
attached_rail = "RailP13"
forward = false
on_rail_position = 80

[node name="Signal22" type="Spatial" parent="Signals" groups=[
"Signal",
] instance=ExtResource( 11 )]
transform = Transform( -0.898718, 0, 0.438528, 0, 1, 0, -0.438528, 0, -0.898718, 2733.59, 3.8147e-06, 278.396 )
visible = false
script = ExtResource( 5 )
signal_type = 3
status = 0
set_pass_at_h = 25
set_pass_at_m = 0
set_pass_at_s = 0
speed = -1.0
is_block_signal = false
visual_instance_path = "res://Resources/SignalTypes/Ks/Ks.tscn"
attached_rail = "RailP9"
forward = false
on_rail_position = 300

[node name="Signal23" type="Spatial" parent="Signals" groups=[
"Signal",
] instance=ExtResource( 11 )]
transform = Transform( -0.959014, 0, 0.283357, 0, 1, 0, -0.283357, 0, -0.959014, 1449.51, 3.8147e-06, -272.374 )
visible = false
script = ExtResource( 5 )
signal_type = 3
status = 1
set_pass_at_h = 25
set_pass_at_m = 0
set_pass_at_s = 0
speed = -1.0
is_block_signal = false
visual_instance_path = "res://Resources/SignalTypes/Ks/Ks.tscn"
attached_rail = "RailP5"
forward = false
on_rail_position = 600

[node name="Signal24" type="Spatial" parent="Signals" groups=[
"Signal",
] instance=ExtResource( 11 )]
transform = Transform( -0.94838, 0, -0.317135, 0, 1, 0, 0.317135, 0, -0.94838, 718.795, 3.8147e-06, -55.029 )
visible = false
script = ExtResource( 5 )
signal_type = 3
status = 1
set_pass_at_h = 25
set_pass_at_m = 0
set_pass_at_s = 0
speed = 80.0
is_block_signal = false
visual_instance_path = "res://Resources/SignalTypes/Ks/Ks.tscn"
attached_rail = "RailP4"
forward = false
on_rail_position = 5

[node name="Signal25" type="Spatial" parent="Signals" groups=[
"Signal",
] instance=ExtResource( 11 )]
transform = Transform( -0.991335, 0, 0.131357, 0, 1, 0, -0.131357, 0, -0.991335, 4.21152, 3.8147e-06, -4.5536 )
visible = false
script = ExtResource( 5 )
signal_type = 3
status = 0
set_pass_at_h = 25
set_pass_at_m = 0
set_pass_at_s = 0
speed = 80.0
is_block_signal = false
visual_instance_path = "res://Resources/SignalTypes/Ks/Ks.tscn"
attached_rail = "RailP15"
forward = true
on_rail_position = 270

[node name="Signal26" type="Spatial" parent="Signals" groups=[
"Signal",
] instance=ExtResource( 11 )]
transform = Transform( -0.991335, 0, 0.131357, 0, 1, 0, -0.131357, 0, -0.991335, -0.942799, 3.8147e-06, -17.364 )
visible = false
script = ExtResource( 5 )
signal_type = 3
status = 0
set_pass_at_h = 25
set_pass_at_m = 0
set_pass_at_s = 0
speed = -1.0
is_block_signal = false
visual_instance_path = "res://Resources/SignalTypes/Ks/Ks.tscn"
attached_rail = "RailP"
forward = false
on_rail_position = 20

[node name="Signal27" type="Spatial" parent="Signals" groups=[
"Signal",
] instance=ExtResource( 11 )]
transform = Transform( -0.991335, 0, 0.131357, 0, 1, 0, -0.131357, 0, -0.991335, -0.351698, 3.8147e-06, -21.825 )
visible = false
script = ExtResource( 5 )
signal_type = 3
status = 0
set_pass_at_h = 25
set_pass_at_m = 0
set_pass_at_s = 0
speed = -1.0
is_block_signal = false
visual_instance_path = "res://Resources/SignalTypes/Ks/Ks.tscn"
attached_rail = "Rail"
forward = false
on_rail_position = 20

[node name="Buchenhain2R" type="Spatial" parent="Signals" groups=[
"Signal",
] instance=ExtResource( 10 )]
transform = Transform( -0.875349, 0, 0.483491, 0, 1, 0, -0.483491, 0, -0.875349, 15265, 3.8147e-06, 6484.92 )
script = ExtResource( 6 )
stationLength = 200
platform_side = 1
personSystem = true
platformHeight = 1.2
platformStart = 2.5
platformEnd = 4.5
attached_rail = "Höllkriegelsreuth9"
on_rail_position = 190.0
forward = false

[node name="SiemenswerkeR" type="Spatial" parent="Signals" groups=[
"Signal",
] instance=ExtResource( 10 )]
transform = Transform( -0.744282, 0, 0.667865, 0, 1, 0, -0.667865, 0, -0.744282, 13818.1, 3.8147e-06, 5531.79 )
script = ExtResource( 6 )
stationLength = 150
platform_side = 1
personSystem = true
platformHeight = 1.2
platformStart = 2.5
platformEnd = 4.5
attached_rail = "Buchenhain2"
on_rail_position = 445.0
forward = false

[node name="KlingentalR" type="Spatial" parent="Signals" groups=[
"Signal",
] instance=ExtResource( 10 )]
transform = Transform( -0.0708197, 0, 0.997489, 0, 1, 0, -0.997489, 0, -0.0708197, 12613.6, 3.8147e-06, 4629.32 )
script = ExtResource( 6 )
stationLength = 150
platform_side = 2
personSystem = true
platformHeight = 1.2
platformStart = 2.5
platformEnd = 4.5
attached_rail = "Ebenhausen25Connector"
on_rail_position = 70.0
forward = false

[node name="GoldenseeR" type="Spatial" parent="Signals" groups=[
"Signal",
] instance=ExtResource( 10 )]
transform = Transform( -0.589004, 0, 0.80813, 0, 1, 0, -0.80813, 0, -0.589004, 7768.77, 3.8147e-06, 2271.35 )
script = ExtResource( 6 )
stationLength = 150
platform_side = 2
personSystem = true
platformHeight = 1.2
platformStart = 2.5
platformEnd = 4.5
attached_rail = "Icking13"
on_rail_position = 400.0
forward = false

[node name="SilberbachR" type="Spatial" parent="Signals" groups=[
"Signal",
] instance=ExtResource( 10 )]
transform = Transform( -0.804558, 0.00777357, 0.593823, 0, 0.999914, -0.0130896, -0.593874, -0.0105313, -0.804489, 3944.65, 3.8147e-06, 251.6 )
script = ExtResource( 6 )
stationLength = 150
platform_side = 2
personSystem = true
platformHeight = 1.2
platformStart = 2.5
platformEnd = 4.5
attached_rail = "Icking2P"
on_rail_position = 340.0
forward = false

[node name="Wolfsfurt2R" type="Spatial" parent="Signals" groups=[
"Signal",
] instance=ExtResource( 10 )]
transform = Transform( -0.991335, 0, 0.131357, 0, 1, 0, -0.131357, 0, -0.991335, 177.498, 3.8147e-06, 6.28031 )
script = ExtResource( 6 )
stationLength = 150
platform_side = 1
personSystem = true
platformHeight = 1.2
platformStart = 2.5
platformEnd = 4.5
attached_rail = "RailP"
on_rail_position = 200.0
forward = false

[node name="Wolfsfurt2" type="Spatial" parent="Signals" groups=[
"Signal",
] instance=ExtResource( 10 )]
transform = Transform( 0.991335, 0, -0.131357, 0, 1, 0, 0.131357, 0, 0.991335, 28.7973, 3.8147e-06, -13.4232 )
script = ExtResource( 6 )
stationLength = 150
platform_side = 2
personSystem = true
platformHeight = 1.2
platformStart = 2.5
platformEnd = 4.5
attached_rail = "RailP"
on_rail_position = 50.0
forward = true

[node name="SpeedLimit" type="Spatial" parent="Signals" instance=ExtResource( 16 )]
transform = Transform( -0.890898, 0, 0.454202, 0, 1, 0, -0.454202, 0, -0.890898, 14730.1, 3.8147e-06, 6213.77 )
script = ExtResource( 3 )
speed = 90.0
attached_rail = "Höllkriegelsreuth"
on_rail_position = 290.0
forward = false

[node name="SpeedLimit2" type="Spatial" parent="Signals" instance=ExtResource( 16 )]
transform = Transform( -0.899454, 0, 0.437016, 0, 1, 0, -0.437016, 0, -0.899454, 12883.8, 3.8147e-06, 4902.29 )
script = ExtResource( 3 )
speed = 90.0
attached_rail = "Ebenhausen26"
on_rail_position = 10.0
forward = false

[node name="SpeedLimit3" type="Spatial" parent="Signals" instance=ExtResource( 16 )]
transform = Transform( -0.87535, 0, 0.48349, 0, 1, 0, -0.48349, 0, -0.87535, 12409, 3.8147e-06, 4188.67 )
script = ExtResource( 3 )
speed = 90.0
attached_rail = "Ebenhausen19"
on_rail_position = 340.0
forward = false

[node name="SpeedLimit4" type="Spatial" parent="Signals" instance=ExtResource( 16 )]
transform = Transform( -0.533045, 0, 0.846086, 0, 1, 0, -0.846086, 0, -0.533045, 11737.6, 3.8147e-06, 3553.16 )
script = ExtResource( 3 )
speed = 110.0
attached_rail = "Ebenhausen16"
on_rail_position = 390.0
forward = false

[node name="SpeedLimit5" type="Spatial" parent="Signals" instance=ExtResource( 16 )]
transform = Transform( -0.956686, 0, 0.291121, 0, 1, 0, -0.291121, 0, -0.956686, 7269.72, 3.8147e-06, 1764.67 )
script = ExtResource( 3 )
speed = 120.0
attached_rail = "Icking10"
on_rail_position = 690.0
forward = false

[node name="SpeedLimit6" type="Spatial" parent="Signals" instance=ExtResource( 16 )]
transform = Transform( -0.911492, 0, 0.411318, 0, 1, 0, -0.411318, 0, -0.911492, 3512.25, 3.8147e-06, 2.16718 )
script = ExtResource( 3 )
speed = 80.0
attached_rail = "RailP11"
on_rail_position = 390.0
forward = false

[node name="SpeedLimit7" type="Spatial" parent="Signals" instance=ExtResource( 16 )]
transform = Transform( -0.898718, 0, 0.438528, 0, 1, 0, -0.438528, 0, -0.898718, 2769.53, 3.8147e-06, 295.938 )
script = ExtResource( 3 )
speed = 100.0
attached_rail = "RailP9"
on_rail_position = 340.0
forward = false

[node name="ContactPoint" type="Spatial" parent="Signals" groups=[
"Signal",
] instance=ExtResource( 29 )]
transform = Transform( 0.876472, 0, -0.481452, 0, 1, 0, 0.481452, 0, 0.876472, 14996.7, 3.8147e-06, 6351.59 )
script = ExtResource( 8 )
affectedSignal = "Signal8"
disabled = false
newStatus = 1
newSpeed = -1.0
enable_for_all_trains = true
bySpecificTrain = ""
affectTime = 0.1
attached_rail = "Höllkriegelsreuth3"
on_rail_position = 140
forward = true

[node name="ContactPoint2" type="Spatial" parent="Signals" groups=[
"Signal",
] instance=ExtResource( 29 )]
transform = Transform( -0.589004, 0, 0.80813, 0, 1, 0, -0.80813, 0, -0.589004, 7815.89, 3.8147e-06, 2336 )
script = ExtResource( 8 )
affectedSignal = "Signal_Goldensee_A1"
disabled = false
newStatus = 1
newSpeed = -1.0
enable_for_all_trains = true
bySpecificTrain = ""
affectTime = 0.1
attached_rail = "Icking13"
on_rail_position = 480
forward = false

[node name="ContactPoint3" type="Spatial" parent="Signals" groups=[
"Signal",
] instance=ExtResource( 29 )]
transform = Transform( 0.589005, 0, -0.80813, 0, 1, 0, 0.80813, 0, 0.589005, 7519.55, 3.8147e-06, 1938.42 )
script = ExtResource( 8 )
affectedSignal = "Signal17"
disabled = false
newStatus = 1
newSpeed = -1.0
enable_for_all_trains = true
bySpecificTrain = ""
affectTime = 0.1
attached_rail = "Ebenhausen"
on_rail_position = 0
forward = true

[node name="Wolfsfurt1R" type="Spatial" parent="Signals" groups=[
"Signal",
] instance=ExtResource( 10 )]
transform = Transform( -0.991335, 0, 0.131357, 0, 1, 0, -0.131357, 0, -0.991335, 177.695, 3.8147e-06, 18.4338 )
script = ExtResource( 6 )
stationLength = 150
platform_side = 2
personSystem = true
platformHeight = 1.2
platformStart = 2.5
platformEnd = 4.5
attached_rail = "RailP15"
on_rail_position = 95.0
forward = true

[node name="ContactPoint4" type="Spatial" parent="Signals" groups=[
"Signal",
] instance=ExtResource( 29 )]
transform = Transform( -0.998686, 0, -0.0512503, 0, 1, 0, 0.0512503, 0, -0.998686, 376.641, 3.8147e-06, 35.131 )
script = ExtResource( 8 )
affectedSignal = "Signal2"
disabled = false
newStatus = 1
newSpeed = 80.0
enable_for_all_trains = true
bySpecificTrain = "Player"
affectTime = 4.0
attached_rail = "RailP14"
on_rail_position = 150
forward = true

[node name="Hainfurt_2" type="Spatial" parent="Signals" groups=[
"Signal",
] instance=ExtResource( 10 )]
transform = Transform( 0.776197, 0, 0.630491, 0, 1, 0, -0.630491, 0, 0.776197, 25351.7, 3.8147e-06, 8228.91 )
script = ExtResource( 6 )
stationLength = 250
platform_side = 2
personSystem = true
platformHeight = 1.2
platformStart = 2.5
platformEnd = 4.5
attached_rail = "HainfurtP2P10"
on_rail_position = 50.0
forward = true

[node name="BuchenhainSiedlung" type="Spatial" parent="Signals" groups=[
"Signal",
] instance=ExtResource( 10 )]
transform = Transform( 0.89169, 0, -0.452647, 0, 1, 0, 0.452647, 0, 0.89169, 16811.9, 3.8147e-06, 7313.76 )
script = ExtResource( 6 )
stationLength = 100
platform_side = 2
personSystem = true
platformHeight = 1.2
platformStart = 2.5
platformEnd = 4.5
attached_rail = "Höllkriegelsreuth14P"
on_rail_position = 295.0
forward = true

[node name="BuchenhainSiedlungR" type="Spatial" parent="Signals" groups=[
"Signal",
] instance=ExtResource( 10 )]
transform = Transform( -0.89169, 0, 0.452647, 0, 1, 0, -0.452647, 0, -0.89169, 16912, 3.8147e-06, 7359.53 )
script = ExtResource( 6 )
stationLength = 100
platform_side = 2
personSystem = true
platformHeight = 1.2
platformStart = 2.5
platformEnd = 4.5
attached_rail = "Höllkriegelsreuth14PP"
on_rail_position = 405.0
forward = false

[node name="Borsdorf" type="Spatial" parent="Signals" groups=[
"Signal",
] instance=ExtResource( 10 )]
transform = Transform( 0.956744, 0.0132888, -0.290628, 0, 0.998956, 0.0456766, 0.290931, -0.0437009, 0.955745, 18297.9, 3.8147e-06, 8041.63 )
script = ExtResource( 6 )
stationLength = 100
platform_side = 2
personSystem = true
platformHeight = 1.2
platformStart = 2.5
platformEnd = 4.5
attached_rail = "Höllkriegelsreuth14P3"
on_rail_position = 100.0
forward = true

[node name="BorsdorfR" type="Spatial" parent="Signals" groups=[
"Signal",
] instance=ExtResource( 10 )]
transform = Transform( -0.993057, -0.0054155, 0.117506, 0, 0.99894, 0.0460381, -0.117631, 0.0457185, -0.992004, 18397.6, 3.8147e-06, 8057.96 )
script = ExtResource( 6 )
stationLength = 100
platform_side = 2
personSystem = true
platformHeight = 1.2
platformStart = 2.5
platformEnd = 4.5
attached_rail = "Höllkriegelsreuth14P3P"
on_rail_position = 200.0
forward = false

[node name="Ostkurve" type="Spatial" parent="Signals" groups=[
"Signal",
] instance=ExtResource( 10 )]
transform = Transform( 0.996062, 0.00270094, 0.0886155, 0, 0.999536, -0.0304652, -0.0886567, 0.0303452, 0.9956, 19218.9, 3.8147e-06, 7744.75 )
script = ExtResource( 6 )
stationLength = 200
platform_side = 2
personSystem = true
platformHeight = 1.2
platformStart = 2.5
platformEnd = 4.5
attached_rail = "Höllkriegelsreuth14P5P5P3"
on_rail_position = 45.0
forward = true

[node name="OstkurveR" type="Spatial" parent="Signals" groups=[
"Signal",
] instance=ExtResource( 10 )]
transform = Transform( -0.987923, 0.0042474, 0.154888, 0, 0.999624, -0.0274121, -0.154946, -0.0270811, -0.987552, 19441, 3.8147e-06, 7741.61 )
script = ExtResource( 6 )
stationLength = 200
platform_side = 1
personSystem = true
platformHeight = 1.2
platformStart = 2.5
platformEnd = 4.5
attached_rail = "Höllkriegelsreuth14P5P5P2P2"
on_rail_position = 255.0
forward = false

[node name="Mockau" type="Spatial" parent="Signals" groups=[
"Signal",
] instance=ExtResource( 10 )]
transform = Transform( 0.976715, 0, -0.214542, 0, 1, 0, 0.214542, 0, 0.976715, 20152.5, 3.8147e-06, 7903.74 )
script = ExtResource( 6 )
stationLength = 100
platform_side = 2
personSystem = true
platformHeight = 1.2
platformStart = 2.5
platformEnd = 4.5
attached_rail = "Höllkriegelsreuth14P5P5P7"
on_rail_position = 95.0
forward = true

[node name="MockauR" type="Spatial" parent="Signals" groups=[
"Signal",
] instance=ExtResource( 10 )]
transform = Transform( -0.974612, 0, 0.223901, 0, 1, 0, -0.223901, 0, -0.974612, 20260.8, 3.8147e-06, 7923.45 )
script = ExtResource( 6 )
stationLength = 100
platform_side = 2
personSystem = true
platformHeight = 1.2
platformStart = 2.5
platformEnd = 4.5
attached_rail = "Höllkriegelsreuth14P5P5P7P2"
on_rail_position = 205.0
forward = false

[node name="Pantzisch" type="Spatial" parent="Signals" groups=[
"Signal",
] instance=ExtResource( 10 )]
transform = Transform( 0.958858, 0, -0.283886, 0, 1, 0, 0.283886, 0, 0.958858, 21310.4, 3.8147e-06, 8217.37 )
script = ExtResource( 6 )
stationLength = 100
platform_side = 2
personSystem = true
platformHeight = 1.2
platformStart = 2.5
platformEnd = 4.5
attached_rail = "Höllkriegelsreuth14P5P5P8"
on_rail_position = 295.0
forward = true

[node name="PantzischR" type="Spatial" parent="Signals" groups=[
"Signal",
] instance=ExtResource( 10 )]
transform = Transform( -0.959633, 0, 0.281254, 0, 1, 0, -0.281254, 0, -0.959633, 21417.2, 3.8147e-06, 8244.15 )
script = ExtResource( 6 )
stationLength = 100
platform_side = 2
personSystem = true
platformHeight = 1.2
platformStart = 2.5
platformEnd = 4.5
attached_rail = "Höllkriegelsreuth14P5P5P8P"
on_rail_position = 405.0
forward = false

[node name="Machern" type="Spatial" parent="Signals" groups=[
"Signal",
] instance=ExtResource( 10 )]
transform = Transform( 0.994678, 0, -0.10303, 0, 1, 0, 0.10303, 0, 0.994678, 22489.4, 3.8147e-06, 8454.83 )
script = ExtResource( 6 )
stationLength = 200
platform_side = 1
personSystem = true
platformHeight = 1.2
platformStart = 2.5
platformEnd = 4.5
attached_rail = "Höllkriegelsreuth14P5P5P8P2P3P3P"
on_rail_position = 0.0
forward = true

[node name="MachernR" type="Spatial" parent="Signals" groups=[
"Signal",
] instance=ExtResource( 10 )]
transform = Transform( -0.994678, 0, 0.10303, 0, 1, 0, -0.10303, 0, -0.994678, 22689.5, 3.8147e-06, 8463.5 )
script = ExtResource( 6 )
stationLength = 200
platform_side = 1
personSystem = true
platformHeight = 1.2
platformStart = 2.5
platformEnd = 4.5
attached_rail = "Höllkriegelsreuth14P5P5P8P2P3P3"
on_rail_position = 200.0
forward = false

