[gd_scene load_steps=14 format=2]

[ext_resource path="res://Data/Scripts/World.gd" type="Script" id=1]
[ext_resource path="res://Resources/Environments/BasicWorldEnvironment.tres" type="Environment" id=2]
[ext_resource path="res://Data/Modules/Station.tscn" type="PackedScene" id=3]
[ext_resource path="res://Data/Scripts/Station.gd" type="Script" id=4]
[ext_resource path="res://Data/Modules/Signal.tscn" type="PackedScene" id=5]
[ext_resource path="res://Data/Scripts/Signal.gd" type="Script" id=6]
[ext_resource path="res://Data/Modules/SpeedLimit_Lf7.tscn" type="PackedScene" id=7]
[ext_resource path="res://Data/Scripts/SpeedLimitSignal.gd" type="Script" id=8]
[ext_resource path="res://Data/Modules/ContactPoint.tscn" type="PackedScene" id=9]
[ext_resource path="res://Data/Scripts/ContactPoint.gd" type="Script" id=10]
[ext_resource path="res://Data/Modules/Rail.tscn" type="PackedScene" id=11]
[ext_resource path="res://Data/Scripts/Rail.gd" type="Script" id=12]
[ext_resource path="res://Resources/Environments/BasicSun.tscn" type="PackedScene" id=13]

[node name="World" type="Spatial"]
script = ExtResource( 1 )
FileName = "Hainfurt"
world_origin_on_last_save = Vector3( -3000, 0, -23000 )

[node name="WorldEnvironment" type="WorldEnvironment" parent="."]
environment = ExtResource( 2 )

[node name="Players" type="Spatial" parent="."]

[node name="Signals" type="Spatial" parent="."]

[node name="Wolfsfurt" type="Spatial" parent="Signals" groups=["Signal"] instance=ExtResource( 3 )]
transform = Transform( 0.991335, 0, -0.131357, 0, 1, 0, 0.131357, 0, 0.991335, -2970.98, 3.8147e-06, -23001.3 )
script = ExtResource( 4 )
length = 0
platform_side = 1
personSystem = true
platformHeight = 1.2
platformStart = 2.5
platformEnd = 4.5
attached_rail = "RailP15"
on_rail_position = 245.0
forward = false
assigned_signal = ""

[node name="Silberbach" type="Spatial" parent="Signals" groups=["Signal"] instance=ExtResource( 3 )]
transform = Transform( 0.844004, 0, -0.536337, 0, 1, 0, 0.536337, 0, 0.844004, 827.19, 3.8147e-06, -22823.5 )
script = ExtResource( 4 )
length = 0
platform_side = 2
personSystem = true
platformHeight = 1.2
platformStart = 2.5
platformEnd = 4.5
attached_rail = "Icking2"
on_rail_position = 200.0
forward = true
assigned_signal = ""

[node name="SignalSilberbach_A1" type="Spatial" parent="Signals" groups=["Signal"] instance=ExtResource( 5 )]
transform = Transform( 0.754526, 0, -0.65627, 0, 1, 0, 0.65627, 0, 0.754526, 1066.5, 3.8147e-06, -22644.9 )
script = ExtResource( 6 )
signal_type = 3
status = 1
signal_free_time = -1
speed = 120.0
visual_instance_path = "res://Resources/SignalTypes/Ks/Ks.tscn"
attached_rail = "Icking3"
forward = true
on_rail_position = 0
operation_mode = 0

[node name="SignalSilberbach_E1" type="Spatial" parent="Signals" groups=["Signal"] instance=ExtResource( 5 )]
transform = Transform( 0.893433, 0, -0.449196, 0, 1, 0, 0.449196, 0, 0.893433, 539.17, 3.8147e-06, -22984.5 )
script = ExtResource( 6 )
signal_type = 3
status = 1
signal_free_time = -1
speed = 60.0
visual_instance_path = "res://Resources/SignalTypes/Ks/Ks.tscn"
attached_rail = "RailP12"
forward = true
on_rail_position = 20
operation_mode = 0

[node name="Signal_STK1" type="Spatial" parent="Signals" groups=["Signal"] instance=ExtResource( 5 )]
transform = Transform( 0.949038, 0, -0.315161, 0, 1, 0, 0.315161, 0, 0.949038, -184.49, 3.8147e-06, -22684.6 )
script = ExtResource( 6 )
signal_type = 3
status = 1
signal_free_time = -1
speed = -1.0
visual_instance_path = "res://Resources/SignalTypes/Ks/Ks.tscn"
attached_rail = "RailP10"
forward = true
on_rail_position = 40
operation_mode = 0

[node name="Signal_STK2" type="Spatial" parent="Signals" groups=["Signal"] instance=ExtResource( 5 )]
transform = Transform( 0.898718, 0, -0.438528, 0, 1, 0, 0.438528, 0, 0.898718, -1439.43, 3.8147e-06, -23227.4 )
script = ExtResource( 6 )
signal_type = 3
status = 1
signal_free_time = -1
speed = 100.0
visual_instance_path = "res://Resources/SignalTypes/Ks/Ks.tscn"
attached_rail = "RailP6"
forward = true
on_rail_position = 20
operation_mode = 0

[node name="Signal_Wolfsfurt_A3" type="Spatial" parent="Signals" groups=["Signal"] instance=ExtResource( 5 )]
transform = Transform( 0.999357, 0, -0.0358735, 0, 1, 0, 0.0358735, 0, 0.999357, -2673.39, 3.8147e-06, -22964.4 )
script = ExtResource( 6 )
signal_type = 3
status = 1
signal_free_time = -1
speed = 80.0
visual_instance_path = "res://Resources/SignalTypes/Ks/Ks.tscn"
attached_rail = "RailP14"
forward = false
on_rail_position = 200
operation_mode = 0

[node name="Signal2" type="Spatial" parent="Signals" groups=["Signal"] instance=ExtResource( 5 )]
transform = Transform( 0.991335, 0, -0.131357, 0, 1, 0, 0.131357, 0, 0.991335, -2673.8, 3.8147e-06, -22974 )
script = ExtResource( 6 )
signal_type = 3
status = 1
signal_free_time = -1
speed = 80.0
visual_instance_path = "res://Resources/SignalTypes/Ks/Ks.tscn"
attached_rail = "RailP2"
forward = true
on_rail_position = 0
operation_mode = 0

[node name="Signal" type="Spatial" parent="Signals" groups=["Signal"] instance=ExtResource( 5 )]
transform = Transform( 0.991335, 0, -0.131357, 0, 1, 0, 0.131357, 0, 0.991335, -2673.2, 3.8147e-06, -22978.5 )
script = ExtResource( 6 )
signal_type = 3
status = 1
signal_free_time = -1
speed = -1.0
visual_instance_path = "res://Resources/SignalTypes/Ks/Ks.tscn"
attached_rail = "RailP2P"
forward = true
on_rail_position = 0
operation_mode = 0

[node name="SignalSTK3" type="Spatial" parent="Signals" groups=["Signal"] instance=ExtResource( 5 )]
transform = Transform( 0.94833, 0, -0.317286, 0, 1, 0, 0.317286, 0, 0.94833, 2126.14, 3.8147e-06, -22031.6 )
script = ExtResource( 6 )
signal_type = 3
status = 1
signal_free_time = -1
speed = -1.0
visual_instance_path = "res://Resources/SignalTypes/Ks/Ks.tscn"
attached_rail = "Icking7"
forward = true
on_rail_position = 30
operation_mode = 0

[node name="SignalSTK4" type="Spatial" parent="Signals" groups=["Signal"] instance=ExtResource( 5 )]
transform = Transform( 0.952761, 0, -0.303723, 0, 1, 0, 0.303723, 0, 0.952761, 3639.58, 3.8147e-06, -21431.7 )
script = ExtResource( 6 )
signal_type = 3
status = 1
signal_free_time = -1
speed = -1.0
visual_instance_path = "res://Resources/SignalTypes/Ks/Ks.tscn"
attached_rail = "Icking10"
forward = true
on_rail_position = 30
operation_mode = 0

[node name="Signal_Goldensee_E" type="Spatial" parent="Signals" groups=["Signal"] instance=ExtResource( 5 )]
transform = Transform( 0.956686, 0, -0.291121, 0, 1, 0, 0.291121, 0, 0.956686, 4269.71, 3.8147e-06, -21235.4 )
script = ExtResource( 6 )
signal_type = 3
status = 1
signal_free_time = -1
speed = 80.0
visual_instance_path = "res://Resources/SignalTypes/Ks/Ks.tscn"
attached_rail = "Icking10"
forward = true
on_rail_position = 690
operation_mode = 0

[node name="Signal_Goldensee_A1" type="Spatial" parent="Signals" groups=["Signal"] instance=ExtResource( 5 )]
transform = Transform( 0.588808, 0, -0.808273, 0, 1, 0, 0.808273, 0, 0.588808, 4794.77, 3.8147e-06, -20684 )
script = ExtResource( 6 )
signal_type = 3
status = 1
signal_free_time = -1
speed = -1.0
visual_instance_path = "res://Resources/SignalTypes/Ks/Ks.tscn"
attached_rail = "Ebenhausen4Connector"
forward = true
on_rail_position = 20
operation_mode = 0

[node name="SignalSTK5" type="Spatial" parent="Signals" groups=["Signal"] instance=ExtResource( 5 )]
transform = Transform( 0.980796, 0, -0.195038, 0, 1, 0, 0.195038, 0, 0.980796, 5904.41, 3.8147e-06, -20717.5 )
script = ExtResource( 6 )
signal_type = 3
status = 1
signal_free_time = -1
speed = 110.0
visual_instance_path = "res://Resources/SignalTypes/Ks/Ks.tscn"
attached_rail = "Ebenhausen7"
forward = true
on_rail_position = 200
operation_mode = 0

[node name="SignalSTK6" type="Spatial" parent="Signals" groups=["Signal"] instance=ExtResource( 5 )]
transform = Transform( 0.772583, 0, -0.634914, 0, 1, 0, 0.634914, 0, 0.772583, 7207.81, 3.8147e-06, -20157 )
script = ExtResource( 6 )
signal_type = 3
status = 1
signal_free_time = -1
speed = -1.0
visual_instance_path = "res://Resources/SignalTypes/Ks/Ks.tscn"
attached_rail = "Ebenhausen12"
forward = true
on_rail_position = 40
operation_mode = 0

[node name="SignalSTK7" type="Spatial" parent="Signals" groups=["Signal"] instance=ExtResource( 5 )]
transform = Transform( 0.960471, 0, -0.278382, 0, 1, 0, 0.278382, 0, 0.960471, 8448.51, 3.8147e-06, -19664.5 )
script = ExtResource( 6 )
signal_type = 3
status = 1
signal_free_time = -1
speed = 90.0
visual_instance_path = "res://Resources/SignalTypes/Ks/Ks.tscn"
attached_rail = "Ebenhausen16"
forward = true
on_rail_position = 20
operation_mode = 0

[node name="Klingental_E" type="Spatial" parent="Signals" groups=["Signal"] instance=ExtResource( 5 )]
transform = Transform( 0.87535, 0, -0.483491, 0, 1, 0, 0.483491, 0, 0.87535, 9391.51, 3.8147e-06, -18821 )
script = ExtResource( 6 )
signal_type = 3
status = 1
signal_free_time = -1
speed = 80.0
visual_instance_path = "res://Resources/SignalTypes/Ks/Ks.tscn"
attached_rail = "Ebenhausen19"
forward = true
on_rail_position = 320
operation_mode = 0

[node name="Klingental_A1" type="Spatial" parent="Signals" groups=["Signal"] instance=ExtResource( 5 )]
transform = Transform( 0.0712559, 0, -0.997458, 0, 1, 0, 0.997458, 0, 0.0712559, 9609.3, 3.8147e-06, -18374 )
script = ExtResource( 6 )
signal_type = 3
status = 1
signal_free_time = -1
speed = -1.0
visual_instance_path = "res://Resources/SignalTypes/Ks/Ks.tscn"
attached_rail = "Ebenhausen23"
forward = true
on_rail_position = 0
operation_mode = 0

[node name="SignalSTK8" type="Spatial" parent="Signals" groups=["Signal"] instance=ExtResource( 5 )]
transform = Transform( 0.754935, 0, -0.6558, 0, 1, 0, 0.6558, 0, 0.754935, 10507, 3.8147e-06, -17742.8 )
script = ExtResource( 6 )
signal_type = 3
status = 1
signal_free_time = -1
speed = -1.0
visual_instance_path = "res://Resources/SignalTypes/Ks/Ks.tscn"
attached_rail = "Buchenhain2"
forward = true
on_rail_position = 30
operation_mode = 0

[node name="Signal_BuchenhainE" type="Spatial" parent="Signals" groups=["Signal"] instance=ExtResource( 5 )]
transform = Transform( 0.890898, 0, -0.454202, 0, 1, 0, 0.454202, 0, 0.890898, 11730.1, 3.8147e-06, -16786.2 )
script = ExtResource( 6 )
signal_type = 3
status = 1
signal_free_time = -1
speed = -1.0
visual_instance_path = "res://Resources/SignalTypes/Ks/Ks.tscn"
attached_rail = "Höllkriegelsreuth"
forward = true
on_rail_position = 290
operation_mode = 0

[node name="Signal_BuchenhainA1" type="Spatial" parent="Signals" groups=["Signal"] instance=ExtResource( 5 )]
transform = Transform( 0.892861, 0, -0.450332, 0, 1, 0, 0.450332, 0, 0.892861, 12312.2, 3.8147e-06, -16476.4 )
script = ExtResource( 6 )
signal_type = 3
status = 1
signal_free_time = -1
speed = 120.0
visual_instance_path = "res://Resources/SignalTypes/Ks/Ks.tscn"
attached_rail = "Höllkriegelsreuth9PConnector2"
forward = true
on_rail_position = 50
operation_mode = 0

[node name="Goldensee" type="Spatial" parent="Signals" groups=["Signal"] instance=ExtResource( 3 )]
transform = Transform( 0.589004, 0, -0.80813, 0, 1, 0, 0.80813, 0, 0.589004, 4666.75, 3.8147e-06, -20859.6 )
script = ExtResource( 4 )
length = 0
platform_side = 2
personSystem = true
platformHeight = 1.2
platformStart = 2.5
platformEnd = 4.5
attached_rail = "Ebenhausen"
on_rail_position = 250.0
forward = true
assigned_signal = ""

[node name="Klingental" type="Spatial" parent="Signals" groups=["Signal"] instance=ExtResource( 3 )]
transform = Transform( 0.0712602, 0, -0.997458, 0, 1, 0, 0.997458, 0, 0.0712602, 9598.74, 3.8147e-06, -18521.6 )
script = ExtResource( 4 )
length = 0
platform_side = 2
personSystem = true
platformHeight = 1.2
platformStart = 2.5
platformEnd = 4.5
attached_rail = "Ebenhausen22"
on_rail_position = 2.0
forward = true
assigned_signal = ""

[node name="Siemenswerke" type="Spatial" parent="Signals" groups=["Signal"] instance=ExtResource( 3 )]
transform = Transform( 0.748026, 0, -0.663669, 0, 1, 0, 0.663669, 0, 0.748026, 10709.9, 3.8147e-06, -17564.7 )
script = ExtResource( 4 )
length = 0
platform_side = 2
personSystem = true
platformHeight = 1.2
platformStart = 2.5
platformEnd = 4.5
attached_rail = "Buchenhain2"
on_rail_position = 300.0
forward = true
assigned_signal = ""

[node name="Buchenhain" type="Spatial" parent="Signals" groups=["Signal"] instance=ExtResource( 3 )]
transform = Transform( 0.875349, 0, -0.483491, 0, 1, 0, 0.483491, 0, 0.875349, 12092.9, 3.8147e-06, -16596.4 )
script = ExtResource( 4 )
length = 0
platform_side = 1
personSystem = true
platformHeight = 1.2
platformStart = 2.5
platformEnd = 4.5
attached_rail = "Höllkriegelsreuth9P"
on_rail_position = 0.0
forward = true
assigned_signal = ""

[node name="Signal3" type="Spatial" parent="Signals" groups=["Signal"] instance=ExtResource( 5 )]
transform = Transform( 0.875882, 0, -0.482527, 0, 1, 0, 0.482527, 0, 0.875882, 12735.6, 3.8147e-06, -16250.1 )
script = ExtResource( 6 )
signal_type = 3
status = 1
signal_free_time = -1
speed = 160.0
visual_instance_path = "res://Resources/SignalTypes/Ks/Ks.tscn"
attached_rail = "Höllkriegelsreuth13P"
forward = true
on_rail_position = 30
operation_mode = 0

[node name="Signal4" type="Spatial" parent="Signals" groups=["Signal"] instance=ExtResource( 5 )]
transform = Transform( 0.866335, 0, -0.499464, 0, 1, 0, 0.499464, 0, 0.866335, 12302.1, 3.8147e-06, -16501.4 )
script = ExtResource( 6 )
signal_type = 3
status = 1
signal_free_time = -1
speed = -1.0
visual_instance_path = "res://Resources/SignalTypes/Ks/Ks.tscn"
attached_rail = "Höllkriegelsreuth5P3Connector"
forward = true
on_rail_position = 30
operation_mode = 0

[node name="Signal5" type="Spatial" parent="Signals" groups=["Signal"] instance=ExtResource( 5 )]
transform = Transform( 0.87535, 0, -0.483491, 0, 1, 0, 0.483491, 0, 0.87535, 12300.1, 3.8147e-06, -16495.7 )
script = ExtResource( 6 )
signal_type = 3
status = 1
signal_free_time = -1
speed = -1.0
visual_instance_path = "res://Resources/SignalTypes/Ks/Ks.tscn"
attached_rail = "Höllkriegelsreuth10"
forward = true
on_rail_position = 30
operation_mode = 0

[node name="Signal6" type="Spatial" parent="Signals" groups=["Signal"] instance=ExtResource( 5 )]
transform = Transform( 0.829878, 0, -0.557946, 0, 1, 0, 0.557946, 0, 0.829878, 12015.6, 3.8147e-06, -16664.9 )
script = ExtResource( 6 )
signal_type = 3
status = 1
signal_free_time = -1
speed = -1.0
visual_instance_path = "res://Resources/SignalTypes/Ks/Ks.tscn"
attached_rail = "Höllkriegelsreuth5P4"
forward = false
on_rail_position = 100
operation_mode = 0

[node name="Signal7" type="Spatial" parent="Signals" groups=["Signal"] instance=ExtResource( 5 )]
transform = Transform( -0.87535, 0, 0.483491, 0, 1, 0, -0.483491, 0, -0.87535, 12105.3, 3.8147e-06, -16610.4 )
script = ExtResource( 6 )
signal_type = 3
status = 1
signal_free_time = -1
speed = -1.0
visual_instance_path = "res://Resources/SignalTypes/Ks/Ks.tscn"
attached_rail = "Höllkriegelsreuth5P3"
forward = false
on_rail_position = 5
operation_mode = 0

[node name="Signal8" type="Spatial" parent="Signals" groups=["Signal"] instance=ExtResource( 5 )]
transform = Transform( -0.906391, 0, 0.422438, 0, 1, 0, -0.422438, 0, -0.906391, 12080.9, 3.8147e-06, -16616 )
script = ExtResource( 6 )
signal_type = 3
status = 1
signal_free_time = -1
speed = -1.0
visual_instance_path = "res://Resources/SignalTypes/Ks/Ks.tscn"
attached_rail = "Höllkriegelsreuth9Connector"
forward = true
on_rail_position = 20
operation_mode = 0

[node name="Signal9" type="Spatial" parent="Signals" groups=["Signal"] instance=ExtResource( 5 )]
transform = Transform( -0.879308, 0, 0.476254, 0, 1, 0, -0.476254, 0, -0.879308, 12075.6, 3.8147e-06, -16605.9 )
script = ExtResource( 6 )
signal_type = 3
status = 1
signal_free_time = -1
speed = -1.0
visual_instance_path = "res://Resources/SignalTypes/Ks/Ks.tscn"
attached_rail = "Höllkriegelsreuth9PConnector"
forward = false
on_rail_position = 30
operation_mode = 0

[node name="Signal10" type="Spatial" parent="Signals" groups=["Signal"] instance=ExtResource( 5 )]
transform = Transform( -0.743861, 0, 0.668334, 0, 1, 0, -0.668334, 0, -0.743861, 11176.1, 3.8147e-06, -17141.2 )
script = ExtResource( 6 )
signal_type = 3
status = 1
signal_free_time = -1
speed = -1.0
visual_instance_path = "res://Resources/SignalTypes/Ks/Ks.tscn"
attached_rail = "Buchenhain3"
forward = false
on_rail_position = 30
operation_mode = 0

[node name="Signal11" type="Spatial" parent="Signals" groups=["Signal"] instance=ExtResource( 5 )]
transform = Transform( -0.824979, 0, 0.565163, 0, 1, 0, -0.565163, 0, -0.824979, 9728.02, 3.8147e-06, -18187.4 )
script = ExtResource( 6 )
signal_type = 3
status = 1
signal_free_time = -1
speed = -1.0
visual_instance_path = "res://Resources/SignalTypes/Ks/Ks.tscn"
attached_rail = "Ebenhausen24"
forward = false
on_rail_position = 30
operation_mode = 0

[node name="Signal12" type="Spatial" parent="Signals" groups=["Signal"] instance=ExtResource( 5 )]
transform = Transform( -0.153613, 0, 0.988131, 0, 1, 0, -0.988131, 0, -0.153613, 9600.41, 3.8147e-06, -18545.3 )
script = ExtResource( 6 )
signal_type = 3
status = 1
signal_free_time = -1
speed = -1.0
visual_instance_path = "res://Resources/SignalTypes/Ks/Ks.tscn"
attached_rail = "Ebenhausen21"
forward = false
on_rail_position = 330
operation_mode = 0

[node name="Signal13" type="Spatial" parent="Signals" groups=["Signal"] instance=ExtResource( 5 )]
transform = Transform( -0.516327, 0, 0.856392, 0, 1, 0, -0.856392, 0, -0.516327, 8794.53, 3.8147e-06, -19352.7 )
script = ExtResource( 6 )
signal_type = 3
status = 1
signal_free_time = -1
speed = -1.0
visual_instance_path = "res://Resources/SignalTypes/Ks/Ks.tscn"
attached_rail = "Ebenhausen17"
forward = false
on_rail_position = 100
operation_mode = 0

[node name="Signal14" type="Spatial" parent="Signals" groups=["Signal"] instance=ExtResource( 5 )]
transform = Transform( -0.784899, 0, 0.619623, 0, 1, 0, -0.619623, 0, -0.784899, 7514.36, 3.8147e-06, -19884.9 )
script = ExtResource( 6 )
signal_type = 3
status = 1
signal_free_time = -1
speed = -1.0
visual_instance_path = "res://Resources/SignalTypes/Ks/Ks.tscn"
attached_rail = "Ebenhausen13"
forward = false
on_rail_position = 50
operation_mode = 0

[node name="Signal15" type="Spatial" parent="Signals" groups=["Signal"] instance=ExtResource( 5 )]
transform = Transform( -0.85038, 0, 0.526168, 0, 1, 0, -0.526168, 0, -0.85038, 6299.15, 3.8147e-06, -20505.6 )
script = ExtResource( 6 )
signal_type = 3
status = 1
signal_free_time = -1
speed = -1.0
visual_instance_path = "res://Resources/SignalTypes/Ks/Ks.tscn"
attached_rail = "Ebenhausen9"
forward = false
on_rail_position = 50
operation_mode = 0

[node name="Signal16" type="Spatial" parent="Signals" groups=["Signal"] instance=ExtResource( 5 )]
transform = Transform( -0.999873, 0, 0.0159451, 0, 1, 0, -0.0159451, 0, -0.999873, 5083.65, 3.8147e-06, -20536.7 )
script = ExtResource( 6 )
signal_type = 3
status = 1
signal_free_time = -1
speed = 60.0
visual_instance_path = "res://Resources/SignalTypes/Ks/Ks.tscn"
attached_rail = "Ebenhausen3"
forward = false
on_rail_position = 50
operation_mode = 0

[node name="Signal17" type="Spatial" parent="Signals" groups=["Signal"] instance=ExtResource( 5 )]
transform = Transform( -0.616631, 0, 0.787252, 0, 1, 0, -0.787252, 0, -0.616631, 4522.94, 3.8147e-06, -21065.4 )
script = ExtResource( 6 )
signal_type = 3
status = 1
signal_free_time = -1
speed = -1.0
visual_instance_path = "res://Resources/SignalTypes/Ks/Ks.tscn"
attached_rail = "Icking12"
forward = false
on_rail_position = 300
operation_mode = 0

[node name="Signal18" type="Spatial" parent="Signals" groups=["Signal"] instance=ExtResource( 5 )]
transform = Transform( -0.747926, 0, 0.663782, 0, 1, 0, -0.663782, 0, -0.747926, 3395.27, 3.8147e-06, -21563.5 )
script = ExtResource( 6 )
signal_type = 3
status = 1
signal_free_time = -1
speed = -1.0
visual_instance_path = "res://Resources/SignalTypes/Ks/Ks.tscn"
attached_rail = "Icking9"
forward = false
on_rail_position = 50
operation_mode = 0

[node name="Signal19" type="Spatial" parent="Signals" groups=["Signal"] instance=ExtResource( 5 )]
transform = Transform( -0.939076, 0, 0.34371, 0, 1, 0, -0.34371, 0, -0.939076, 2050.5, 3.8147e-06, -22057.8 )
script = ExtResource( 6 )
signal_type = 3
status = 1
signal_free_time = -1
speed = -1.0
visual_instance_path = "res://Resources/SignalTypes/Ks/Ks.tscn"
attached_rail = "Icking6"
forward = false
on_rail_position = 450
operation_mode = 0

[node name="Signal20" type="Spatial" parent="Signals" groups=["Signal"] instance=ExtResource( 5 )]
transform = Transform( -0.82201, 0, 0.569473, 0, 1, 0, -0.569473, 0, -0.82201, 1240.08, 3.8147e-06, -22509.9 )
script = ExtResource( 6 )
signal_type = 3
status = 1
signal_free_time = -1
speed = -1.0
visual_instance_path = "res://Resources/SignalTypes/Ks/Ks.tscn"
attached_rail = "Icking4"
forward = false
on_rail_position = 20
operation_mode = 0

[node name="Signal21" type="Spatial" parent="Signals" groups=["Signal"] instance=ExtResource( 5 )]
transform = Transform( -0.893433, 0, 0.449196, 0, 1, 0, -0.449196, 0, -0.893433, 637.375, 3.8147e-06, -22935.2 )
script = ExtResource( 6 )
signal_type = 3
status = 1
signal_free_time = -1
speed = -1.0
visual_instance_path = "res://Resources/SignalTypes/Ks/Ks.tscn"
attached_rail = "RailP13"
forward = false
on_rail_position = 80
operation_mode = 0

[node name="Signal22" type="Spatial" parent="Signals" groups=["Signal"] instance=ExtResource( 5 )]
transform = Transform( -0.898718, 0, 0.438528, 0, 1, 0, -0.438528, 0, -0.898718, -266.385, 3.8147e-06, -22721.6 )
script = ExtResource( 6 )
signal_type = 3
status = 1
signal_free_time = -1
speed = -1.0
visual_instance_path = "res://Resources/SignalTypes/Ks/Ks.tscn"
attached_rail = "RailP9"
forward = false
on_rail_position = 300
operation_mode = 0

[node name="Signal23" type="Spatial" parent="Signals" groups=["Signal"] instance=ExtResource( 5 )]
transform = Transform( -0.959014, 0, 0.283357, 0, 1, 0, -0.283357, 0, -0.959014, -1550.46, 3.8147e-06, -23272.4 )
script = ExtResource( 6 )
signal_type = 3
status = 1
signal_free_time = -1
speed = -1.0
visual_instance_path = "res://Resources/SignalTypes/Ks/Ks.tscn"
attached_rail = "RailP5"
forward = false
on_rail_position = 600
operation_mode = 0

[node name="Signal24" type="Spatial" parent="Signals" groups=["Signal"] instance=ExtResource( 5 )]
transform = Transform( -0.94838, 0, -0.317135, 0, 1, 0, 0.317135, 0, -0.94838, -2281.25, 3.8147e-06, -23055.1 )
script = ExtResource( 6 )
signal_type = 3
status = 1
signal_free_time = -1
speed = 80.0
visual_instance_path = "res://Resources/SignalTypes/Ks/Ks.tscn"
attached_rail = "RailP4"
forward = false
on_rail_position = 5
operation_mode = 0

[node name="Signal25" type="Spatial" parent="Signals" groups=["Signal"] instance=ExtResource( 5 )]
transform = Transform( -0.991334, 0, 0.131362, 0, 1, 0, -0.131362, 0, -0.991334, -2995.76, 3.8147e-06, -23004.6 )
script = ExtResource( 6 )
signal_type = 3
status = 1
signal_free_time = -1
speed = 80.0
visual_instance_path = "res://Resources/SignalTypes/Ks/Ks.tscn"
attached_rail = "RailP15"
forward = true
on_rail_position = 270
operation_mode = 0

[node name="Signal26" type="Spatial" parent="Signals" groups=["Signal"] instance=ExtResource( 5 )]
transform = Transform( -0.991335, 0, 0.131357, 0, 1, 0, -0.131357, 0, -0.991335, -3000.97, 3.8147e-06, -23017.4 )
script = ExtResource( 6 )
signal_type = 3
status = 1
signal_free_time = -1
speed = -1.0
visual_instance_path = "res://Resources/SignalTypes/Ks/Ks.tscn"
attached_rail = "RailP"
forward = false
on_rail_position = 20
operation_mode = 0

[node name="Signal27" type="Spatial" parent="Signals" groups=["Signal"] instance=ExtResource( 5 )]
transform = Transform( -0.991335, 0, 0.131357, 0, 1, 0, -0.131357, 0, -0.991335, -3000.37, 3.8147e-06, -23021.9 )
script = ExtResource( 6 )
signal_type = 3
status = 1
signal_free_time = -1
speed = -1.0
visual_instance_path = "res://Resources/SignalTypes/Ks/Ks.tscn"
attached_rail = "Rail"
forward = false
on_rail_position = 20
operation_mode = 0

[node name="Buchenhain2R" type="Spatial" parent="Signals" groups=["Signal"] instance=ExtResource( 3 )]
transform = Transform( -0.875349, 0, 0.483491, 0, 1, 0, -0.483491, 0, -0.875349, 12265, 3.8147e-06, -16515 )
script = ExtResource( 4 )
length = 0
platform_side = 1
personSystem = true
platformHeight = 1.2
platformStart = 2.5
platformEnd = 4.5
attached_rail = "Höllkriegelsreuth9"
on_rail_position = 190.0
forward = false
assigned_signal = ""

[node name="SiemenswerkeR" type="Spatial" parent="Signals" groups=["Signal"] instance=ExtResource( 3 )]
transform = Transform( -0.744282, 0, 0.667865, 0, 1, 0, -0.667865, 0, -0.744282, 10818.1, 3.8147e-06, -17468.2 )
script = ExtResource( 4 )
length = 0
platform_side = 1
personSystem = true
platformHeight = 1.2
platformStart = 2.5
platformEnd = 4.5
attached_rail = "Buchenhain2"
on_rail_position = 445.0
forward = false
assigned_signal = ""

[node name="KlingentalR" type="Spatial" parent="Signals" groups=["Signal"] instance=ExtResource( 3 )]
transform = Transform( -0.0708195, 0, 0.997489, 0, 1, 0, -0.997489, 0, -0.0708195, 9613.65, 3.8147e-06, -18370.7 )
script = ExtResource( 4 )
length = 0
platform_side = 2
personSystem = true
platformHeight = 1.2
platformStart = 2.5
platformEnd = 4.5
attached_rail = "Ebenhausen25Connector"
on_rail_position = 70.0
forward = false
assigned_signal = ""

[node name="GoldenseeR" type="Spatial" parent="Signals" groups=["Signal"] instance=ExtResource( 3 )]
transform = Transform( -0.589004, 0, 0.80813, 0, 1, 0, -0.80813, 0, -0.589004, 4768.8, 3.8147e-06, -20728.6 )
script = ExtResource( 4 )
length = 0
platform_side = 2
personSystem = true
platformHeight = 1.2
platformStart = 2.5
platformEnd = 4.5
attached_rail = "Icking13"
on_rail_position = 400.0
forward = false
assigned_signal = ""

[node name="SilberbachR" type="Spatial" parent="Signals" groups=["Signal"] instance=ExtResource( 3 )]
transform = Transform( -0.804558, 0, 0.593874, 0, 1, 0, -0.593874, 0, -0.804558, 944.657, 3.8147e-06, -22748.4 )
script = ExtResource( 4 )
length = 0
platform_side = 2
personSystem = true
platformHeight = 1.2
platformStart = 2.5
platformEnd = 4.5
attached_rail = "Icking2P"
on_rail_position = 340.0
forward = false
assigned_signal = ""

[node name="Wolfsfurt2R" type="Spatial" parent="Signals" groups=["Signal"] instance=ExtResource( 3 )]
transform = Transform( -0.991335, 0, 0.131357, 0, 1, 0, -0.131357, 0, -0.991335, -2822.53, 3.8147e-06, -22993.7 )
script = ExtResource( 4 )
length = 0
platform_side = 1
personSystem = true
platformHeight = 1.2
platformStart = 2.5
platformEnd = 4.5
attached_rail = "RailP"
on_rail_position = 200.0
forward = false
assigned_signal = ""

[node name="Wolfsfurt2" type="Spatial" parent="Signals" groups=["Signal"] instance=ExtResource( 3 )]
transform = Transform( 0.991335, 0, -0.131357, 0, 1, 0, 0.131357, 0, 0.991335, -2971.23, 3.8147e-06, -23013.4 )
script = ExtResource( 4 )
length = 0
platform_side = 2
personSystem = true
platformHeight = 1.2
platformStart = 2.5
platformEnd = 4.5
attached_rail = "RailP"
on_rail_position = 50.0
forward = true
assigned_signal = ""

[node name="SpeedLimit" type="Spatial" parent="Signals" groups=["Signal"] instance=ExtResource( 7 )]
transform = Transform( -0.890898, 0, 0.454202, 0, 1, 0, -0.454202, 0, -0.890898, 11730.1, 3.8147e-06, -16786.2 )
script = ExtResource( 8 )
speed = 90.0
attached_rail = "Höllkriegelsreuth"
on_rail_position = 290.0
forward = false

[node name="SpeedLimit2" type="Spatial" parent="Signals" groups=["Signal"] instance=ExtResource( 7 )]
transform = Transform( -0.899454, 0, 0.437016, 0, 1, 0, -0.437016, 0, -0.899454, 9883.79, 3.8147e-06, -18097.7 )
script = ExtResource( 8 )
speed = 90.0
attached_rail = "Ebenhausen26"
on_rail_position = 10.0
forward = false

[node name="SpeedLimit3" type="Spatial" parent="Signals" groups=["Signal"] instance=ExtResource( 7 )]
transform = Transform( -0.87535, 0, 0.483491, 0, 1, 0, -0.483491, 0, -0.87535, 9409.02, 3.8147e-06, -18811.3 )
script = ExtResource( 8 )
speed = 90.0
attached_rail = "Ebenhausen19"
on_rail_position = 340.0
forward = false

[node name="SpeedLimit4" type="Spatial" parent="Signals" groups=["Signal"] instance=ExtResource( 7 )]
transform = Transform( -0.533044, 0, 0.846087, 0, 1, 0, -0.846087, 0, -0.533044, 8737.64, 3.8147e-06, -19446.8 )
script = ExtResource( 8 )
speed = 110.0
attached_rail = "Ebenhausen16"
on_rail_position = 390.0
forward = false

[node name="SpeedLimit5" type="Spatial" parent="Signals" groups=["Signal"] instance=ExtResource( 7 )]
transform = Transform( -0.956686, 0, 0.29112, 0, 1, 0, -0.29112, 0, -0.956686, 4269.71, 3.8147e-06, -21235.4 )
script = ExtResource( 8 )
speed = 120.0
attached_rail = "Icking10"
on_rail_position = 690.0
forward = false

[node name="SpeedLimit6" type="Spatial" parent="Signals" groups=["Signal"] instance=ExtResource( 7 )]
transform = Transform( -0.911493, 0, 0.411315, 0, 1, 0, -0.411315, 0, -0.911493, 512.298, 3.8147e-06, -22997.9 )
script = ExtResource( 8 )
speed = 80.0
attached_rail = "RailP11"
on_rail_position = 390.0
forward = false

[node name="SpeedLimit7" type="Spatial" parent="Signals" groups=["Signal"] instance=ExtResource( 7 )]
transform = Transform( -0.898718, 0, 0.438528, 0, 1, 0, -0.438528, 0, -0.898718, -230.436, 3.8147e-06, -22704.1 )
script = ExtResource( 8 )
speed = 100.0
attached_rail = "RailP9"
on_rail_position = 340.0
forward = false

[node name="ContactPoint" type="Spatial" parent="Signals" groups=["Signal"] instance=ExtResource( 9 )]
transform = Transform( 0.876472, 0, -0.481453, 0, 1, 0, 0.481453, 0, 0.876472, 11996.7, 3.8147e-06, -16648.4 )
script = ExtResource( 10 )
affectedSignal = "Signal8"
disabled = false
newStatus = 1
newSpeed = -1.0
enable_for_all_trains = true
bySpecificTrain = ""
affectTime = 0.1
attached_rail = "Höllkriegelsreuth3"
on_rail_position = 140
forward = true

[node name="ContactPoint2" type="Spatial" parent="Signals" groups=["Signal"] instance=ExtResource( 9 )]
transform = Transform( -0.589004, 0, 0.80813, 0, 1, 0, -0.80813, 0, -0.589004, 4815.92, 3.8147e-06, -20664 )
script = ExtResource( 10 )
affectedSignal = "Signal_Goldensee_A1"
disabled = false
newStatus = 1
newSpeed = -1.0
enable_for_all_trains = true
bySpecificTrain = ""
affectTime = 0.1
attached_rail = "Icking13"
on_rail_position = 480
forward = false

[node name="ContactPoint3" type="Spatial" parent="Signals" groups=["Signal"] instance=ExtResource( 9 )]
transform = Transform( 0.589004, 0, -0.808131, 0, 1, 0, 0.808131, 0, 0.589004, 4519.5, 3.8147e-06, -21061.6 )
script = ExtResource( 10 )
affectedSignal = "Signal17"
disabled = false
newStatus = 1
newSpeed = -1.0
enable_for_all_trains = true
bySpecificTrain = ""
affectTime = 0.1
attached_rail = "Ebenhausen"
on_rail_position = 0
forward = true

[node name="Wolfsfurt1R" type="Spatial" parent="Signals" groups=["Signal"] instance=ExtResource( 3 )]
transform = Transform( -0.991335, 0, 0.131357, 0, 1, 0, -0.131357, 0, -0.991335, -2822.28, 3.8147e-06, -22981.6 )
script = ExtResource( 4 )
length = 0
platform_side = 2
personSystem = true
platformHeight = 1.2
platformStart = 2.5
platformEnd = 4.5
attached_rail = "RailP15"
on_rail_position = 95.0
forward = true
assigned_signal = ""

[node name="ContactPoint4" type="Spatial" parent="Signals" groups=["Signal"] instance=ExtResource( 9 )]
transform = Transform( -0.998686, 0, -0.0512422, 0, 1, 0, 0.0512422, 0, -0.998686, -2623.4, 3.8147e-06, -22964.8 )
script = ExtResource( 10 )
affectedSignal = "Signal2"
disabled = false
newStatus = 1
newSpeed = 80.0
enable_for_all_trains = true
bySpecificTrain = "Player"
affectTime = 4.0
attached_rail = "RailP14"
on_rail_position = 150
forward = true

[node name="Hainfurt_2" type="Spatial" parent="Signals" groups=["Signal"] instance=ExtResource( 3 )]
transform = Transform( 0.776197, 0, 0.630491, 0, 1, 0, -0.630491, 0, 0.776197, 22351.7, 3.8147e-06, -14771.1 )
script = ExtResource( 4 )
length = 0
platform_side = 2
personSystem = true
platformHeight = 1.2
platformStart = 2.5
platformEnd = 4.5
attached_rail = "HainfurtP2P10"
on_rail_position = 50.0
forward = true
assigned_signal = ""

[node name="BuchenhainSiedlung" type="Spatial" parent="Signals" groups=["Signal"] instance=ExtResource( 3 )]
transform = Transform( 0.89169, 0, -0.452647, 0, 1, 0, 0.452647, 0, 0.89169, 13811.9, 3.8147e-06, -15686.3 )
script = ExtResource( 4 )
length = 0
platform_side = 2
personSystem = true
platformHeight = 1.2
platformStart = 2.5
platformEnd = 4.5
attached_rail = "Höllkriegelsreuth14P"
on_rail_position = 295.0
forward = true
assigned_signal = ""

[node name="BuchenhainSiedlungR" type="Spatial" parent="Signals" groups=["Signal"] instance=ExtResource( 3 )]
transform = Transform( -0.89169, 0, 0.452647, 0, 1, 0, -0.452647, 0, -0.89169, 13912, 3.8147e-06, -15640.5 )
script = ExtResource( 4 )
length = 0
platform_side = 2
personSystem = true
platformHeight = 1.2
platformStart = 2.5
platformEnd = 4.5
attached_rail = "Höllkriegelsreuth14PP"
on_rail_position = 405.0
forward = false
assigned_signal = ""

[node name="Borsdorf" type="Spatial" parent="Signals" groups=["Signal"] instance=ExtResource( 3 )]
transform = Transform( 0.956744, 0, -0.290931, 0, 1, 0, 0.290931, 0, 0.956744, 15297.9, 3.8147e-06, -14958.3 )
script = ExtResource( 4 )
length = 0
platform_side = 2
personSystem = true
platformHeight = 1.2
platformStart = 2.5
platformEnd = 4.5
attached_rail = "Höllkriegelsreuth14P3"
on_rail_position = 100.0
forward = true
assigned_signal = ""

[node name="BorsdorfR" type="Spatial" parent="Signals" groups=["Signal"] instance=ExtResource( 3 )]
transform = Transform( -0.993057, 0, 0.117631, 0, 1, 0, -0.117631, 0, -0.993057, 15397.6, 3.8147e-06, -14942.1 )
script = ExtResource( 4 )
length = 0
platform_side = 2
personSystem = true
platformHeight = 1.2
platformStart = 2.5
platformEnd = 4.5
attached_rail = "Höllkriegelsreuth14P3P"
on_rail_position = 200.0
forward = false
assigned_signal = ""

[node name="Ostkurve" type="Spatial" parent="Signals" groups=["Signal"] instance=ExtResource( 3 )]
transform = Transform( 0.996062, 0, 0.0886567, 0, 1, 0, -0.0886567, 0, 0.996062, 16218.9, 3.8147e-06, -15255.3 )
script = ExtResource( 4 )
length = 0
platform_side = 2
personSystem = true
platformHeight = 1.2
platformStart = 2.5
platformEnd = 4.5
attached_rail = "Höllkriegelsreuth14P5P5P3"
on_rail_position = 45.0
forward = true
assigned_signal = ""

[node name="OstkurveR" type="Spatial" parent="Signals" groups=["Signal"] instance=ExtResource( 3 )]
transform = Transform( -0.987923, 0, 0.154946, 0, 1, 0, -0.154946, 0, -0.987923, 16441, 3.8147e-06, -15258.4 )
script = ExtResource( 4 )
length = 0
platform_side = 1
personSystem = true
platformHeight = 1.2
platformStart = 2.5
platformEnd = 4.5
attached_rail = "Höllkriegelsreuth14P5P5P2P2"
on_rail_position = 255.0
forward = false
assigned_signal = ""

[node name="Mockau" type="Spatial" parent="Signals" groups=["Signal"] instance=ExtResource( 3 )]
transform = Transform( 0.976715, 0, -0.214542, 0, 1, 0, 0.214542, 0, 0.976715, 17152.5, 3.8147e-06, -15096.3 )
script = ExtResource( 4 )
length = 0
platform_side = 2
personSystem = true
platformHeight = 1.2
platformStart = 2.5
platformEnd = 4.5
attached_rail = "Höllkriegelsreuth14P5P5P7"
on_rail_position = 95.0
forward = true
assigned_signal = ""

[node name="MockauR" type="Spatial" parent="Signals" groups=["Signal"] instance=ExtResource( 3 )]
transform = Transform( -0.974612, 0, 0.223901, 0, 1, 0, -0.223901, 0, -0.974612, 17260.7, 3.8147e-06, -15076.6 )
script = ExtResource( 4 )
length = 0
platform_side = 2
personSystem = true
platformHeight = 1.2
platformStart = 2.5
platformEnd = 4.5
attached_rail = "Höllkriegelsreuth14P5P5P7P2"
on_rail_position = 205.0
forward = false
assigned_signal = ""

[node name="Pantzisch" type="Spatial" parent="Signals" groups=["Signal"] instance=ExtResource( 3 )]
transform = Transform( 0.958858, 0, -0.283886, 0, 1, 0, 0.283886, 0, 0.958858, 18310.4, 3.8147e-06, -14782.6 )
script = ExtResource( 4 )
length = 0
platform_side = 2
personSystem = true
platformHeight = 1.2
platformStart = 2.5
platformEnd = 4.5
attached_rail = "Höllkriegelsreuth14P5P5P8"
on_rail_position = 295.0
forward = true
assigned_signal = ""

[node name="PantzischR" type="Spatial" parent="Signals" groups=["Signal"] instance=ExtResource( 3 )]
transform = Transform( -0.959633, 0, 0.281254, 0, 1, 0, -0.281254, 0, -0.959633, 18417.2, 3.8147e-06, -14755.8 )
script = ExtResource( 4 )
length = 0
platform_side = 2
personSystem = true
platformHeight = 1.2
platformStart = 2.5
platformEnd = 4.5
attached_rail = "Höllkriegelsreuth14P5P5P8P"
on_rail_position = 405.0
forward = false
assigned_signal = ""

[node name="Machern" type="Spatial" parent="Signals" groups=["Signal"] instance=ExtResource( 3 )]
transform = Transform( 0.994678, 0, -0.10303, 0, 1, 0, 0.10303, 0, 0.994678, 19489.4, 3.8147e-06, -14545.2 )
script = ExtResource( 4 )
length = 0
platform_side = 1
personSystem = true
platformHeight = 1.2
platformStart = 2.5
platformEnd = 4.5
attached_rail = "Höllkriegelsreuth14P5P5P8P2P3P3P"
on_rail_position = 0.0
forward = true
assigned_signal = ""

[node name="MachernR" type="Spatial" parent="Signals" groups=["Signal"] instance=ExtResource( 3 )]
transform = Transform( -0.994678, 0, 0.10303, 0, 1, 0, -0.10303, 0, -0.994678, 19689.5, 3.8147e-06, -14536.5 )
script = ExtResource( 4 )
length = 0
platform_side = 1
personSystem = true
platformHeight = 1.2
platformStart = 2.5
platformEnd = 4.5
attached_rail = "Höllkriegelsreuth14P5P5P8P2P3P3"
on_rail_position = 200.0
forward = false
assigned_signal = ""

[node name="Harras" type="Spatial" parent="Signals" groups=["Signal"] instance=ExtResource( 3 )]
transform = Transform( 0.999873, 0, -0.015946, 0, 1, 0, 0.015946, 0, 0.999873, 20960.2, 3.8147e-06, -14435.8 )
script = ExtResource( 4 )
length = 0
platform_side = 1
personSystem = true
platformHeight = 1.2
platformStart = 2.5
platformEnd = 4.5
attached_rail = "Harras2PP3"
on_rail_position = 0.0
forward = true
assigned_signal = ""

[node name="HarrasR" type="Spatial" parent="Signals" groups=["Signal"] instance=ExtResource( 3 )]
transform = Transform( -0.999873, 0, 0.0159461, 0, 1, 0, -0.0159461, 0, -0.999873, 21160.4, 3.8147e-06, -14444.6 )
script = ExtResource( 4 )
length = 0
platform_side = 1
personSystem = true
platformHeight = 1.2
platformStart = 2.5
platformEnd = 4.5
attached_rail = "Harras2PP3P"
on_rail_position = 200.0
forward = false
assigned_signal = ""

[node name="Signal28" type="Spatial" parent="Signals" groups=["Signal"] instance=ExtResource( 5 )]
transform = Transform( 0.787083, 0, 0.616848, 0, 1, 0, -0.616848, 0, 0.787083, 15878.2, 3.8147e-06, -15083.1 )
script = ExtResource( 6 )
signal_type = 3
status = 1
signal_free_time = -1
speed = -1.0
visual_instance_path = "res://Resources/SignalTypes/Ks/Ks.tscn"
attached_rail = "Höllkriegelsreuth14P5P2P2"
forward = true
on_rail_position = 5
operation_mode = 0

[node name="Signal29" type="Spatial" parent="Signals" groups=["Signal"] instance=ExtResource( 5 )]
transform = Transform( 0.787083, 0, 0.616848, 0, 1, 0, -0.616848, 0, 0.787083, 15875.4, 3.8147e-06, -15086.7 )
script = ExtResource( 6 )
signal_type = 3
status = 1
signal_free_time = -1
speed = -1.0
visual_instance_path = "res://Resources/SignalTypes/Ks/Ks.tscn"
attached_rail = "Höllkriegelsreuth14P5P3"
forward = true
on_rail_position = 5
operation_mode = 0

[node name="Signal30" type="Spatial" parent="Signals" groups=["Signal"] instance=ExtResource( 5 )]
transform = Transform( 0.776154, 0, 0.630544, 0, 1, 0, -0.630544, 0, 0.776154, 15903.5, 1.75291, -15085.8 )
script = ExtResource( 6 )
signal_type = 3
status = 1
signal_free_time = -1
speed = 60.0
visual_instance_path = "res://Resources/SignalTypes/Ks/Ks.tscn"
attached_rail = "Höllkriegelsreuth14P11"
forward = true
on_rail_position = 5
operation_mode = 0

[node name="Signal31" type="Spatial" parent="Signals" groups=["Signal"] instance=ExtResource( 5 )]
transform = Transform( 0.990057, 0, 0.140664, 0, 1, 0, -0.140664, 0, 0.990057, 15545.1, 3.8147e-06, -14939.2 )
script = ExtResource( 6 )
signal_type = 3
status = 1
signal_free_time = -1
speed = -1.0
