[gd_scene load_steps=12 format=2]

[ext_resource path="res://addons/jean28518.jTools/jSaveManager/jSaveModule.tscn" type="PackedScene" id=1]
[ext_resource path="res://addons/Libre_Train_Sim_Editor/Data/Modules/Rail.tscn" type="PackedScene" id=4]
[ext_resource path="res://addons/Libre_Train_Sim_Editor/Data/Modules/Station.tscn" type="PackedScene" id=10]
[ext_resource path="res://addons/Libre_Train_Sim_Editor/Data/Modules/Signal.tscn" type="PackedScene" id=11]
[ext_resource path="res://addons/Libre_Train_Sim_Editor/Data/Scripts/World.gd" type="Script" id=12]
[ext_resource path="res://addons/Libre_Train_Sim_Editor/Data/Modules/SpeedLimit.tscn" type="PackedScene" id=16]
[ext_resource path="res://Resources/Basic/BasicWorldEnviroment.tres" type="Environment" id=18]
[ext_resource path="res://Resources/Basic/Materials/Grass.tres" type="Material" id=26]
[ext_resource path="res://addons/Libre_Train_Sim_Editor/Data/Modules/ContactPoint.tscn" type="PackedScene" id=29]
[ext_resource path="res://Resources/Basic/grass.obj" type="ArrayMesh" id=32]
[ext_resource path="res://Resources/Basic/BasicSun.tscn" type="PackedScene" id=38]

[node name="World" type="Spatial"]
script = ExtResource( 12 )
FileName = "Hainfurt"

[node name="WorldEnvironment" type="WorldEnvironment" parent="."]
environment = ExtResource( 18 )

[node name="Players" type="Spatial" parent="."]

[node name="Grass" type="Spatial" parent="."]

[node name="grass" type="MeshInstance" parent="Grass"]
transform = Transform( 1, 0, 0, 0, 1, 0, 0, 0, 1, -0.0551109, -0.483741, -0.0448751 )
material_override = ExtResource( 26 )
mesh = ExtResource( 32 )
material/0 = null

[node name="Signals" type="Spatial" parent="."]

[node name="Wolfsfurt" parent="Signals" instance=ExtResource( 10 )]
transform = Transform( 1, 0, 0, 0, 1, 0, 0, 0, 1, 28.9949, 3.8147e-06, -1.26986 )
stationLength = 150
platformSide = 1
attachedRail = "RailP15"
onRailPosition = 245
forward = false

[node name="Silberbach" parent="Signals" instance=ExtResource( 10 )]
transform = Transform( 1, 0, 0, 0, 1, 0, 0, 0, 1, 3827.16, 3.8147e-06, 176.506 )
stationLength = 150
platformSide = 2
attachedRail = "Icking2"
onRailPosition = 200

[node name="SignalSilberbach_A1" parent="Signals" instance=ExtResource( 11 )]
transform = Transform( 0.754526, 0, -0.65627, 0, 1, 0, 0.65627, 0, 0.754526, 4066.49, 3.8147e-06, 355.06 )
visible = false
setPassAtH = 12
setPassAtM = 4
setPassAtS = 30
speed = 120
attachedRail = "Icking3"

[node name="SignalSilberbach_E1" parent="Signals" instance=ExtResource( 11 )]
transform = Transform( 0.893433, 0, -0.449196, 0, 1, 0, 0.449196, 0, 0.893433, 3539.14, 3.8147e-06, 15.4543 )
visible = false
status = 1
speed = 60
attachedRail = "RailP12"
onRailPosition = 20

[node name="Signal_STK1" parent="Signals" instance=ExtResource( 11 )]
transform = Transform( 0.949038, 0, -0.315161, 0, 1, 0, 0.315161, 0, 0.949038, 2815.53, 3.8147e-06, 315.419 )
visible = false
status = 1
attachedRail = "RailP10"
onRailPosition = 40

[node name="Signal_STK2" parent="Signals" instance=ExtResource( 11 )]
transform = Transform( 0.898718, 0, -0.438528, 0, 1, 0, 0.438528, 0, 0.898718, 1560.59, 3.8147e-06, -227.425 )
visible = false
status = 1
speed = 100
attachedRail = "RailP6"
onRailPosition = 20

[node name="Signal_Wolfsfurt_A3" parent="Signals" instance=ExtResource( 11 )]
transform = Transform( 0.999357, 0, -0.0358656, 0, 1, 0, 0.0358656, 0, 0.999357, 326.658, 3.8147e-06, 35.5158 )
visible = false
setPassAtM = 1
speed = 80
attachedRail = "RailP14"
forward = false
onRailPosition = 200

[node name="Signal2" parent="Signals" instance=ExtResource( 11 )]
transform = Transform( 0.991335, 0, -0.131357, 0, 1, 0, 0.131357, 0, 0.991335, 326.198, 3.8147e-06, 25.9838 )
visible = false
setPassAtH = 12
setPassAtM = 1
speed = 80
attachedRail = "RailP2"

[node name="Signal" parent="Signals" instance=ExtResource( 11 )]
transform = Transform( 0.991335, 0, -0.131357, 0, 1, 0, 0.131357, 0, 0.991335, 326.789, 3.8147e-06, 21.5228 )
visible = false
attachedRail = "RailP2P"

[node name="SignalSTK3" parent="Signals" instance=ExtResource( 11 )]
transform = Transform( 0.94833, 0, -0.317285, 0, 1, 0, 0.317285, 0, 0.94833, 5126.12, 3.8147e-06, 968.331 )
visible = false
status = 1
attachedRail = "Icking7"
onRailPosition = 30

[node name="SignalSTK4" parent="Signals" instance=ExtResource( 11 )]
transform = Transform( 0.952761, 0, -0.303724, 0, 1, 0, 0.303724, 0, 0.952761, 6639.59, 3.8147e-06, 1568.37 )
visible = false
status = 1
attachedRail = "Icking10"
onRailPosition = 30

[node name="Signal_Goldensee_E" parent="Signals" instance=ExtResource( 11 )]
transform = Transform( 0.956686, 0, -0.291122, 0, 1, 0, 0.291122, 0, 0.956686, 7269.72, 3.8147e-06, 1764.67 )
visible = false
status = 1
speed = 80
attachedRail = "Icking10"
onRailPosition = 690

[node name="Signal_Goldensee_A1" parent="Signals" instance=ExtResource( 11 )]
transform = Transform( 0.588808, 0, -0.808273, 0, 1, 0, 0.808273, 0, 0.588808, 7794.72, 3.8147e-06, 2316 )
visible = false
setPassAtM = 7
setPassAtS = 50
attachedRail = "Ebenhausen4Connector"
onRailPosition = 20

[node name="SignalSTK5" parent="Signals" instance=ExtResource( 11 )]
transform = Transform( 0.980796, 0, -0.195037, 0, 1, 0, 0.195037, 0, 0.980796, 8904.37, 3.8147e-06, 2282.46 )
visible = false
status = 1
speed = 110
attachedRail = "Ebenhausen7"
onRailPosition = 200

[node name="SignalSTK6" parent="Signals" instance=ExtResource( 11 )]
transform = Transform( 0.772583, 0, -0.634914, 0, 1, 0, 0.634914, 0, 0.772583, 10207.8, 3.8147e-06, 2842.98 )
visible = false
status = 1
attachedRail = "Ebenhausen12"
onRailPosition = 40

[node name="SignalSTK7" parent="Signals" instance=ExtResource( 11 )]
transform = Transform( 0.960471, 0, -0.278381, 0, 1, 0, 0.278381, 0, 0.960471, 11448.5, 3.8147e-06, 3335.47 )
visible = false
setPassAtH = 12
setPassAtM = 10
speed = 90
attachedRail = "Ebenhausen16"
onRailPosition = 20

[node name="Klingental_E" parent="Signals" instance=ExtResource( 11 )]
transform = Transform( 0.87535, 0, -0.483491, 0, 1, 0, 0.483491, 0, 0.87535, 12391.5, 3.8147e-06, 4179 )
visible = false
status = 1
speed = 80
attachedRail = "Ebenhausen19"
onRailPosition = 320

[node name="Klingental_A1" parent="Signals" instance=ExtResource( 11 )]
transform = Transform( 0.0712607, 0, -0.997458, 0, 1, 0, 0.997458, 0, 0.0712607, 12609.3, 3.8147e-06, 4626.02 )
visible = false
status = 1
attachedRail = "Ebenhausen23"

[node name="SignalSTK8" parent="Signals" instance=ExtResource( 11 )]
transform = Transform( 0.754936, 0, -0.655799, 0, 1, 0, 0.655799, 0, 0.754936, 13507, 3.8147e-06, 5257.12 )
visible = false
status = 1
attachedRail = "Buchenhain2"
onRailPosition = 30

[node name="Signal_BuchenhainE" parent="Signals" instance=ExtResource( 11 )]
transform = Transform( 0.890898, 0, -0.454202, 0, 1, 0, 0.454202, 0, 0.890898, 14730.1, 3.8147e-06, 6213.77 )
visible = false
status = 1
setPassAtH = 12
setPassAtM = 15
attachedRail = "Höllkriegelsreuth"
onRailPosition = 290

[node name="Signal_BuchenhainA1" parent="Signals" instance=ExtResource( 11 )]
transform = Transform( 0.892861, 0, -0.450332, 0, 1, 0, 0.450332, 0, 0.892861, 15312.2, 3.8147e-06, 6523.61 )
visible = false
status = 1
setPassAtH = 12
setPassAtM = 17
setPassAtS = 25
speed = 120
blockSignal = true
attachedRail = "Höllkriegelsreuth9PConnector2"
onRailPosition = 50

[node name="Goldensee" parent="Signals" instance=ExtResource( 10 )]
transform = Transform( 1, 0, 0, 0, 1, 0, 0, 0, 1, 7666.8, 3.8147e-06, 2140.45 )
stationLength = 150
platformSide = 2
attachedRail = "Ebenhausen"
onRailPosition = 250

[node name="Klingental" parent="Signals" instance=ExtResource( 10 )]
transform = Transform( 1, 0, 0, 0, 1, 0, 0, 0, 1, 12598.7, 3.8147e-06, 4478.4 )
stationLength = 150
platformSide = 2
attachedRail = "Ebenhausen22"
onRailPosition = 2

[node name="Siemenswerke" parent="Signals" instance=ExtResource( 10 )]
transform = Transform( 1, 0, 0, 0, 1, 0, 0, 0, 1, 13709.9, 3.8147e-06, 5435.25 )
stationLength = 150
platformSide = 2
attachedRail = "Buchenhain2"
onRailPosition = 300

[node name="Buchenhain" parent="Signals" instance=ExtResource( 10 )]
transform = Transform( 1, 0, 0, 0, 1, 0, 0, 0, 1, 15092.9, 3.8147e-06, 6403.56 )
stationLength = 200
platformSide = 1
attachedRail = "Höllkriegelsreuth9P"

[node name="Signal3" parent="Signals" instance=ExtResource( 11 )]
transform = Transform( 0.875882, 0, -0.482527, 0, 1, 0, 0.482527, 0, 0.875882, 15735.6, 3.8147e-06, 6749.93 )
visible = false
setPassAtH = 12
setPassAtM = 17
setPassAtS = 30
speed = 160
attachedRail = "Höllkriegelsreuth13P"
onRailPosition = 30

[node name="Signal4" parent="Signals" instance=ExtResource( 11 )]
transform = Transform( 0.866335, 0, -0.499464, 0, 1, 0, 0.499464, 0, 0.866335, 15302.1, 3.8147e-06, 6498.62 )
visible = false
attachedRail = "Höllkriegelsreuth5P3Connector"
onRailPosition = 30

[node name="Signal5" parent="Signals" instance=ExtResource( 11 )]
transform = Transform( 0.87535, 0, -0.483491, 0, 1, 0, 0.483491, 0, 0.87535, 15300.1, 3.8147e-06, 6504.26 )
visible = false
attachedRail = "Höllkriegelsreuth10"
onRailPosition = 30

[node name="Signal6" parent="Signals" instance=ExtResource( 11 )]
transform = Transform( 0.829877, 0, -0.557948, 0, 1, 0, 0.557948, 0, 0.829877, 15015.6, 3.8147e-06, 6335.08 )
visible = false
attachedRail = "Höllkriegelsreuth5P4"
forward = false
onRailPosition = 100

[node name="Signal7" parent="Signals" instance=ExtResource( 11 )]
transform = Transform( -0.87535, 0, 0.483491, 0, 1, 0, -0.483491, 0, -0.87535, 15105.3, 3.8147e-06, 6389.61 )
visible = false
attachedRail = "Höllkriegelsreuth5P3"
forward = false
onRailPosition = 5

[node name="Signal8" parent="Signals" instance=ExtResource( 11 )]
transform = Transform( -0.90639, 0, 0.42244, 0, 1, 0, -0.42244, 0, -0.90639, 15080.9, 3.8147e-06, 6384 )
visible = false
setPassAtH = 13
setPassAtM = 41
setPassAtS = 10
attachedRail = "Höllkriegelsreuth9Connector"
onRailPosition = 20

[node name="Signal9" parent="Signals" instance=ExtResource( 11 )]
transform = Transform( -0.879308, 0, 0.476254, 0, 1, 0, -0.476254, 0, -0.879308, 15075.6, 3.8147e-06, 6394.11 )
visible = false
attachedRail = "Höllkriegelsreuth9PConnector"
forward = false
onRailPosition = 30

[node name="Signal10" parent="Signals" instance=ExtResource( 11 )]
transform = Transform( -0.743861, 0, 0.668334, 0, 1, 0, -0.668334, 0, -0.743861, 14176.1, 3.8147e-06, 5858.88 )
visible = false
status = 1
blockSignal = true
attachedRail = "Buchenhain3"
forward = false
onRailPosition = 30

[node name="Signal11" parent="Signals" instance=ExtResource( 11 )]
transform = Transform( -0.824979, 0, 0.565163, 0, 1, 0, -0.565163, 0, -0.824979, 12728, 3.8147e-06, 4812.58 )
visible = false
attachedRail = "Ebenhausen24"
forward = false
onRailPosition = 30

[node name="Signal12" parent="Signals" instance=ExtResource( 11 )]
transform = Transform( -0.153614, 0, 0.988131, 0, 1, 0, -0.988131, 0, -0.153614, 12600.4, 3.8147e-06, 4454.68 )
visible = false
status = 1
blockSignal = true
attachedRail = "Ebenhausen21"
forward = false
onRailPosition = 330

[node name="Signal13" parent="Signals" instance=ExtResource( 11 )]
transform = Transform( -0.51633, 0, 0.85639, 0, 1, 0, -0.85639, 0, -0.51633, 11794.5, 3.8147e-06, 3647.3 )
visible = false
attachedRail = "Ebenhausen17"
forward = false
onRailPosition = 100

[node name="Signal14" parent="Signals" instance=ExtResource( 11 )]
transform = Transform( -0.784899, 0, 0.619623, 0, 1, 0, -0.619623, 0, -0.784899, 10514.4, 3.8147e-06, 3115.09 )
visible = false
status = 1
blockSignal = true
attachedRail = "Ebenhausen13"
forward = false
onRailPosition = 50

[node name="Signal15" parent="Signals" instance=ExtResource( 11 )]
transform = Transform( -0.85038, 0, 0.526168, 0, 1, 0, -0.526168, 0, -0.85038, 9299.14, 3.8147e-06, 2494.42 )
visible = false
status = 1
blockSignal = true
attachedRail = "Ebenhausen9"
forward = false
onRailPosition = 50

[node name="Signal16" parent="Signals" instance=ExtResource( 11 )]
transform = Transform( -0.999873, 0, 0.0159449, 0, 1, 0, -0.0159449, 0, -0.999873, 8083.69, 3.8147e-06, 2463.27 )
visible = false
status = 1
speed = 60
attachedRail = "Ebenhausen3"
forward = false
onRailPosition = 50

[node name="Signal17" parent="Signals" instance=ExtResource( 11 )]
transform = Transform( -0.616632, 0, 0.787251, 0, 1, 0, -0.787251, 0, -0.616632, 7522.92, 3.8147e-06, 1934.54 )
visible = false
attachedRail = "Icking12"
forward = false
onRailPosition = 300

[node name="Signal18" parent="Signals" instance=ExtResource( 11 )]
transform = Transform( -0.747926, 0, 0.663782, 0, 1, 0, -0.663782, 0, -0.747926, 6395.31, 3.8147e-06, 1436.46 )
visible = false
status = 1
blockSignal = true
attachedRail = "Icking9"
forward = false
onRailPosition = 50

[node name="Signal19" parent="Signals" instance=ExtResource( 11 )]
transform = Transform( -0.939076, 0, 0.34371, 0, 1, 0, -0.34371, 0, -0.939076, 5050.52, 3.8147e-06, 942.173 )
visible = false
status = 1
blockSignal = true
attachedRail = "Icking6"
forward = false
onRailPosition = 450

[node name="Signal20" parent="Signals" instance=ExtResource( 11 )]
transform = Transform( -0.822009, 0, 0.569474, 0, 1, 0, -0.569474, 0, -0.822009, 4240.08, 3.8147e-06, 490.027 )
visible = false
status = 1
blockSignal = true
attachedRail = "Icking4"
forward = false
onRailPosition = 20

[node name="Signal21" parent="Signals" instance=ExtResource( 11 )]
transform = Transform( -0.893433, 0, 0.449196, 0, 1, 0, -0.449196, 0, -0.893433, 3637.42, 3.8147e-06, 64.8659 )
visible = false
status = 1
blockSignal = true
attachedRail = "RailP13"
forward = false
onRailPosition = 80

[node name="Signal22" parent="Signals" instance=ExtResource( 11 )]
transform = Transform( -0.898718, 0, 0.438528, 0, 1, 0, -0.438528, 0, -0.898718, 2733.59, 3.8147e-06, 278.396 )
visible = false
attachedRail = "RailP9"
forward = false
onRailPosition = 300

[node name="Signal23" parent="Signals" instance=ExtResource( 11 )]
transform = Transform( -0.959014, 0, 0.283357, 0, 1, 0, -0.283357, 0, -0.959014, 1449.51, 3.8147e-06, -272.374 )
visible = false
status = 1
blockSignal = true
attachedRail = "RailP5"
forward = false
onRailPosition = 600

[node name="Signal24" parent="Signals" instance=ExtResource( 11 )]
transform = Transform( -0.94838, 0, -0.317135, 0, 1, 0, 0.317135, 0, -0.94838, 718.795, 3.8147e-06, -55.029 )
visible = false
status = 1
speed = 80
attachedRail = "RailP4"
forward = false
onRailPosition = 5

[node name="Signal25" parent="Signals" instance=ExtResource( 11 )]
transform = Transform( -0.991335, 0, 0.131357, 0, 1, 0, -0.131357, 0, -0.991335, 4.21152, 3.8147e-06, -4.5536 )
visible = false
speed = 80
attachedRail = "RailP15"
onRailPosition = 270

[node name="Signal26" parent="Signals" instance=ExtResource( 11 )]
transform = Transform( -0.991335, 0, 0.131357, 0, 1, 0, -0.131357, 0, -0.991335, -0.942799, 3.8147e-06, -17.364 )
visible = false
attachedRail = "RailP"
forward = false
onRailPosition = 20

[node name="Signal27" parent="Signals" instance=ExtResource( 11 )]
transform = Transform( -0.991335, 0, 0.131357, 0, 1, 0, -0.131357, 0, -0.991335, -0.351698, 3.8147e-06, -21.825 )
visible = false
attachedRail = "Rail"
forward = false
onRailPosition = 20

[node name="Buchenhain2R" parent="Signals" instance=ExtResource( 10 )]
transform = Transform( 0.87535, 0, -0.483491, 0, 1, 0, 0.483491, 0, 0.87535, 15265, 3.8147e-06, 6484.92 )
stationLength = 200
platformSide = 1
attachedRail = "Höllkriegelsreuth9"
onRailPosition = 190
forward = false

[node name="SiemenswerkeR" parent="Signals" instance=ExtResource( 10 )]
transform = Transform( 0.755698, 0, -0.654921, 0, 1, 0, 0.654921, 0, 0.755698, 13818.1, 3.8147e-06, 5531.79 )
stationLength = 150
platformSide = 1
attachedRail = "Buchenhain2"
onRailPosition = 445
forward = false

[node name="KlingentalR" parent="Signals" instance=ExtResource( 10 )]
transform = Transform( 0.0648548, 0, -0.997895, 0, 1, 0, 0.997895, 0, 0.0648548, 12613.6, 3.8147e-06, 4629.32 )
stationLength = 150
platformSide = 2
attachedRail = "Ebenhausen25Connector"
onRailPosition = 70
forward = false

[node name="GoldenseeR" parent="Signals" instance=ExtResource( 10 )]
transform = Transform( 0.589004, 0, -0.80813, 0, 1, 0, 0.80813, 0, 0.589004, 7768.77, 3.8147e-06, 2271.35 )
stationLength = 150
platformSide = 2
attachedRail = "Icking13"
onRailPosition = 400
forward = false

[node name="SilberbachR" parent="Signals" instance=ExtResource( 10 )]
transform = Transform( 0.893433, 0, -0.449196, 0, 1, 0, 0.449196, 0, 0.893433, 3944.65, 3.8147e-06, 251.6 )
stationLength = 150
platformSide = 2
attachedRail = "Icking2P"
onRailPosition = 340
forward = false

[node name="Wolfsfurt2R" parent="Signals" instance=ExtResource( 10 )]
transform = Transform( 0.991335, 0, -0.131357, 0, 1, 0, 0.131357, 0, 0.991335, 177.498, 3.8147e-06, 6.28031 )
stationLength = 150
platformSide = 1
attachedRail = "RailP"
onRailPosition = 200
forward = false

[node name="Wolfsfurt2" parent="Signals" instance=ExtResource( 10 )]
transform = Transform( 0.991335, 0, -0.131357, 0, 1, 0, 0.131357, 0, 0.991335, 28.7973, 3.8147e-06, -13.4232 )
stationLength = 150
platformSide = 2
attachedRail = "RailP"
onRailPosition = 50

[node name="SpeedLimit" parent="Signals" instance=ExtResource( 16 )]
transform = Transform( 0.890898, 0, -0.454202, 0, 1, 0, 0.454202, 0, 0.890898, 14730.1, 3.8147e-06, 6213.77 )
speed = 90
attachedRail = "Höllkriegelsreuth"
onRailPosition = 290
forward = false

[node name="SpeedLimit2" parent="Signals" instance=ExtResource( 16 )]
transform = Transform( 0.899454, 0, -0.437016, 0, 1, 0, 0.437016, 0, 0.899454, 12883.8, 3.8147e-06, 4902.29 )
speed = 90
attachedRail = "Ebenhausen26"
onRailPosition = 10

[node name="SpeedLimit3" parent="Signals" instance=ExtResource( 16 )]
transform = Transform( 0.875349, 0, -0.483491, 0, 1, 0, 0.483491, 0, 0.875349, 12409, 3.8147e-06, 4188.67 )
speed = 90
attachedRail = "Ebenhausen19"
onRailPosition = 340
forward = false

[node name="SpeedLimit4" parent="Signals" instance=ExtResource( 16 )]
transform = Transform( 0.533044, 0, -0.846087, 0, 1, 0, 0.846087, 0, 0.533044, 11737.6, 3.8147e-06, 3553.16 )
speed = 110
attachedRail = "Ebenhausen16"
onRailPosition = 390
forward = false

[node name="SpeedLimit5" parent="Signals" instance=ExtResource( 16 )]
transform = Transform( -0.956686, 0, 0.29112, 0, 1, 0, -0.29112, 0, -0.956686, 7269.72, 3.8147e-06, 1764.67 )
speed = 120
attachedRail = "Icking10"
onRailPosition = 690
forward = false

[node name="SpeedLimit6" parent="Signals" instance=ExtResource( 16 )]
transform = Transform( 0.911492, 0, -0.411318, 0, 1, 0, 0.411318, 0, 0.911492, 3512.25, 3.8147e-06, 2.16745 )
speed = 80
attachedRail = "RailP11"
onRailPosition = 390
forward = false

[node name="SpeedLimit7" parent="Signals" instance=ExtResource( 16 )]
transform = Transform( 0.898718, 0, -0.438528, 0, 1, 0, 0.438528, 0, 0.898718, 2769.53, 3.8147e-06, 295.937 )
speed = 100
attachedRail = "RailP9"
onRailPosition = 340
forward = false

[node name="ContactPoint" parent="Signals" instance=ExtResource( 29 )]
transform = Transform( 0.876472, 0, -0.481452, 0, 1, 0, 0.481452, 0, 0.876472, 14996.7, 3.8147e-06, 6351.59 )
affectedSignal = "Signal8"
attachedRail = "Höllkriegelsreuth3"
onRailPosition = 140

[node name="ContactPoint2" parent="Signals" instance=ExtResource( 29 )]
transform = Transform( 0.589004, 0, -0.80813, 0, 1, 0, 0.80813, 0, 0.589004, 7815.89, 3.8147e-06, 2336 )
affectedSignal = "Signal_Goldensee_A1"
attachedRail = "Icking13"
onRailPosition = 480
forward = false

[node name="ContactPoint3" parent="Signals" instance=ExtResource( 29 )]
transform = Transform( 0.589004, 0, -0.80813, 0, 1, 0, 0.80813, 0, 0.589004, 7519.55, 3.8147e-06, 1938.42 )
affectedSignal = "Signal17"
attachedRail = "Ebenhausen"

[node name="Wolfsfurt1R" parent="Signals" instance=ExtResource( 10 )]
transform = Transform( -0.991335, 0, 0.131357, 0, 1, 0, -0.131357, 0, -0.991335, 177.695, 3.8147e-06, 18.4338 )
stationLength = 150
platformSide = 2
attachedRail = "RailP15"
onRailPosition = 95

[node name="ContactPoint4" parent="Signals" instance=ExtResource( 29 )]
transform = Transform( -0.998686, 0, -0.0512463, 0, 1, 0, 0.0512463, 0, -0.998686, 376.641, 3.8147e-06, 35.1304 )
affectedSignal = "Signal2"
bySpecificTrain = "Player"
newSpeed = 80
affectTime = 4
attachedRail = "RailP14"
onRailPosition = 150

[node name="Hainfurt_2" parent="Signals" instance=ExtResource( 10 )]
transform = Transform( 0.776197, 0, 0.630491, 0, 1, 0, -0.630491, 0, 0.776197, 25351.7, 3.8147e-06, 8228.91 )
stationLength = 250
platformSide = 2
attachedRail = "HainfurtP2P10"
onRailPosition = 50

[node name="BuchenhainSiedlung" parent="Signals" instance=ExtResource( 10 )]
transform = Transform( 0.89169, 0, -0.452647, 0, 1, 0, 0.452647, 0, 0.89169, 16811.9, 3.8147e-06, 7313.76 )
stationLength = 100
platformSide = 2
attachedRail = "Höllkriegelsreuth14P"
onRailPosition = 295

[node name="BuchenhainSiedlungR" parent="Signals" instance=ExtResource( 10 )]
transform = Transform( 0.89169, 0, -0.452647, 0, 1, 0, 0.452647, 0, 0.89169, 16912, 3.8147e-06, 7359.53 )
stationLength = 100
platformSide = 2
attachedRail = "Höllkriegelsreuth14PP"
onRailPosition = 405
forward = false

[node name="Borsdorf" parent="Signals" instance=ExtResource( 10 )]
transform = Transform( 0.891689, 0, -0.452648, 0, 1, 0, 0.452648, 0, 0.891689, 18297.9, 3.8147e-06, 8041.63 )
stationLength = 100
platformSide = 2
attachedRail = "Höllkriegelsreuth14P3"
onRailPosition = 100

[node name="BorsdorfR" parent="Signals" instance=ExtResource( 10 )]
transform = Transform( 0.891689, 0, -0.452648, 0, 1, 0, 0.452648, 0, 0.891689, 18397.6, 3.8147e-06, 8057.96 )
stationLength = 100
platformSide = 2
attachedRail = "Höllkriegelsreuth14P3P"
onRailPosition = 200
forward = false

[node name="Ostkurve" parent="Signals" instance=ExtResource( 10 )]
transform = Transform( 0.990057, 0, 0.140665, 0, 1, 0, -0.140665, 0, 0.990057, 19218.9, 3.8147e-06, 7744.75 )
stationLength = 200
platformSide = 2
attachedRail = "Höllkriegelsreuth14P5P5P3"
onRailPosition = 45

[node name="OstkurveR" parent="Signals" instance=ExtResource( 10 )]
transform = Transform( 0.990057, 0, 0.140665, 0, 1, 0, -0.140665, 0, 0.990057, 19441, 3.8147e-06, 7741.61 )
stationLength = 200
platformSide = 1
attachedRail = "Höllkriegelsreuth14P5P5P2P2"
onRailPosition = 255
forward = false

[node name="Mockau" parent="Signals" instance=ExtResource( 10 )]
transform = Transform( 0.97846, 0, -0.206438, 0, 1, 0, 0.206438, 0, 0.97846, 20152.5, 3.8147e-06, 7903.74 )
stationLength = 100
platformSide = 2
attachedRail = "Höllkriegelsreuth14P5P5P7"
onRailPosition = 95

[node name="MockauR" parent="Signals" instance=ExtResource( 10 )]
transform = Transform( 0.97846, 0, -0.206438, 0, 1, 0, 0.206438, 0, 0.97846, 20260.7, 3.8147e-06, 7923.45 )
stationLength = 100
platformSide = 2
attachedRail = "Höllkriegelsreuth14P5P5P7P2"
onRailPosition = 205
forward = false

[node name="Pantzisch" parent="Signals" instance=ExtResource( 10 )]
transform = Transform( 0.956744, 0, -0.290931, 0, 1, 0, 0.290931, 0, 0.956744, 21310.4, 3.8147e-06, 8217.37 )
stationLength = 100
platformSide = 2
attachedRail = "Höllkriegelsreuth14P5P5P8"
onRailPosition = 295

[node name="PantzischR" parent="Signals" instance=ExtResource( 10 )]
transform = Transform( 0.956744, 0, -0.290931, 0, 1, 0, 0.290931, 0, 0.956744, 21417.2, 3.8147e-06, 8244.15 )
stationLength = 100
platformSide = 2
attachedRail = "Höllkriegelsreuth14P5P5P8P"
onRailPosition = 405
forward = false

[node name="Machern" parent="Signals" instance=ExtResource( 10 )]
transform = Transform( 0.994678, 0, -0.10303, 0, 1, 0, 0.10303, 0, 0.994678, 22489.4, 3.8147e-06, 8454.83 )
stationLength = 200
platformSide = 1
attachedRail = "Höllkriegelsreuth14P5P5P8P2P3P3P"

[node name="MachernR" parent="Signals" instance=ExtResource( 10 )]
transform = Transform( 0.994678, 0, -0.10303, 0, 1, 0, 0.10303, 0, 0.994678, 22689.5, 3.8147e-06, 8463.5 )
stationLength = 200
platformSide = 1
attachedRail = "Höllkriegelsreuth14P5P5P8P2P3P3"
onRailPosition = 200
forward = false

[node name="Harras" parent="Signals" instance=ExtResource( 10 )]
transform = Transform( 0.999873, 0, -0.015946, 0, 1, 0, 0.015946, 0, 0.999873, 23960.2, 3.8147e-06, 8564.15 )
stationLength = 200
platformSide = 1
attachedRail = "Harras2PP3"

[node name="HarrasR" parent="Signals" instance=ExtResource( 10 )]
transform = Transform( 0.999873, 0, -0.015946, 0, 1, 0, 0.015946, 0, 0.999873, 24160.4, 3.8147e-06, 8555.34 )
stationLength = 200
platformSide = 1
attachedRail = "Harras2PP3P"
onRailPosition = 200
forward = false

[node name="Signal28" parent="Signals" instance=ExtResource( 11 )]
transform = Transform( 0.787083, 0, 0.616848, 0, 1, 0, -0.616848, 0, 0.787083, 18878.2, 3.8147e-06, 7916.89 )
visible = false
attachedRail = "Höllkriegelsreuth14P5P2P2"
onRailPosition = 5

[node name="Signal29" parent="Signals" instance=ExtResource( 11 )]
transform = Transform( 0.787083, 0, 0.616848, 0, 1, 0, -0.616848, 0, 0.787083, 18875.4, 3.8147e-06, 7913.34 )
visible = false
attachedRail = "Höllkriegelsreuth14P5P3"
onRailPosition = 5

[node name="Signal30" parent="Signals" instance=ExtResource( 11 )]
transform = Transform( 0.776153, 0, 0.630545, 0, 1, 0, -0.630545, 0, 0.776153, 18903.5, 1.42043, 7914.21 )
visible = false
status = 1
speed = 60
blockSignal = true
attachedRail = "Höllkriegelsreuth14P11"
onRailPosition = 5

[node name="Signal31" parent="Signals" instance=ExtResource( 11 )]
transform = Transform( 0.990057, 0, 0.140664, 0, 1, 0, -0.140664, 0, 0.990057, 18545.1, 3.8147e-06, 8060.72 )
visible = false
status = 1
blockSignal = true
attachedRail = "Höllkriegelsreuth14P3"
onRailPosition = 350

[node name="Signal32" parent="Signals" instance=ExtResource( 11 )]
transform = Transform( 0.904584, 0, -0.426296, 0, 1, 0, 0.426296, 0, 0.904584, 17845.9, 3.8147e-06, 7828.55 )
visible = false
status = 1
speed = 100
blockSignal = true
attachedRail = "Höllkriegelsreuth14P3Connector"
onRailPosition = 50

[node name="Signal33" parent="Signals" instance=ExtResource( 11 )]
transform = Transform( 0.89169, 0, -0.452646, 0, 1, 0, 0.452646, 0, 0.89169, 16593.5, 3.8147e-06, 7202.86 )
visible = false
status = 1
blockSignal = true
attachedRail = "Höllkriegelsreuth14P"
onRailPosition = 50

[node name="Signal34" parent="Signals" instance=ExtResource( 11 )]
transform = Transform( -0.876059, 0, 0.482204, 0, 1, 0, -0.482204, 0, -0.876059, 15746.5, 3.8147e-06, 6750.81 )
visible = false
status = 1
blockSignal = true
attachedRail = "Höllkriegelsreuth13"
forward = false
onRailPosition = 40

[node name="Signal35" parent="Signals" instance=ExtResource( 11 )]
transform = Transform( -0.89169, 0, 0.452646, 0, 1, 0, -0.452646, 0, -0.89169, 16684.7, 3.8147e-06, 7244.11 )
visible = false
status = 1
blockSignal = true
attachedRail = "Höllkriegelsreuth14PP"
forward = false
onRailPosition = 150

[node name="Signal36" parent="Signals" instance=ExtResource( 11 )]
transform = Transform( -0.899841, 0, 0.436216, 0, 1, 0, -0.436216, 0, -0.899841, 17983.1, 3.8147e-06, 7889.16 )
visible = false
status = 1
blockSignal = true
attachedRail = "Höllkriegelsreuth14P3ConnectorP"
forward = false
onRailPosition = 200

[node name="Signal37" parent="Signals" instance=ExtResource( 11 )]
transform = Transform( -0.917314, 0, -0.398165, 0, 1, 0, 0.398165, 0, -0.917314, 18692, 3.8147e-06, 8014.41 )
visible = false
status = 1
speed = 140
blockSignal = true
attachedRail = "Höllkriegelsreuth14P4P"
forward = false
onRailPosition = 5

[node name="Signal38" parent="Signals" instance=ExtResource( 11 )]
transform = Transform( -0.990859, 0, -0.134903, 0, 1, 0, 0.134903, 0, -0.990859, 19179.2, 3.8147e-06, 7749.22 )
visible = false
attachedRail = "Höllkriegelsreuth14P5P5P3"
forward = false
onRailPosition = 5

[node name="Signal39" parent="Signals" instance=ExtResource( 11 )]
transform = Transform( 0.982998, 0, -0.183614, 0, 1, 0, 0.183614, 0, 0.982998, 19452.9, 3.8147e-06, 7755.98 )
visible = false
status = 1
speed = 120
blockSignal = true
attachedRail = "Höllkriegelsreuth14P5P5P3"
onRailPosition = 280

[node name="Signal40" parent="Signals" instance=ExtResource( 11 )]
transform = Transform( -0.990859, 0, -0.134903, 0, 1, 0, 0.134903, 0, -0.990859, 19191.9, 3.8147e-06, 7739.09 )
visible = false
status = 1
setPassAtH = 12
setPassAtM = 35
setPassAtS = 15
speed = 80
attachedRail = "Höllkriegelsreuth14P5P5P2P2"
forward = false
onRailPosition = 5

[node name="Signal41" parent="Signals" instance=ExtResource( 11 )]
transform = Transform( -0.97411, 0, 0.226075, 0, 1, 0, -0.226075, 0, -0.97411, 19772.2, 3.8147e-06, 7817.54 )
visible = false
status = 1
blockSignal = true
attachedRail = "Höllkriegelsreuth14P5P5P5PConnector"
forward = false
onRailPosition = 100

[node name="Signal42" parent="Signals" instance=ExtResource( 11 )]
transform = Transform( 0.97846, 0, -0.206438, 0, 1, 0, 0.206438, 0, 0.97846, 19844.3, 3.8147e-06, 7838.33 )
visible = false
status = 1
blockSignal = true
attachedRail = "Höllkriegelsreuth14P5P5P4"
onRailPosition = 380

[node name="Signal43" parent="Signals" instance=ExtResource( 11 )]
transform = Transform( 0.987005, 0, -0.160691, 0, 1, 0, 0.160691, 0, 0.987005, 19445.9, 3.8147e-06, 7742.4 )
visible = false
attachedRail = "Höllkriegelsreuth14P5P5P2P2"
onRailPosition = 260

[node name="Signal44" parent="Signals" instance=ExtResource( 11 )]
transform = Transform( 0.977805, 0, -0.209519, 0, 1, 0, 0.209519, 0, 0.977805, 19850.2, 3.8147e-06, 7834.96 )
visible = false
attachedRail = "Höllkriegelsreuth14P5P5P5PConnector"
onRailPosition = 180

[node name="Signal45" parent="Signals" instance=ExtResource( 11 )]
transform = Transform( -0.978279, 0, 0.207291, 0, 1, 0, -0.207291, 0, -0.978279, 20070.3, 3.8147e-06, 7881.41 )
visible = false
status = 1
blockSignal = true
attachedRail = "Höllkriegelsreuth14P5P5P7P2"
forward = false
onRailPosition = 10

[node name="Signal46" parent="Signals" instance=ExtResource( 11 )]
transform = Transform( 0.969601, 0, -0.244693, 0, 1, 0, 0.244693, 0, 0.969601, 20498, 3.8147e-06, 7985.26 )
visible = false
status = 1
blockSignal = true
attachedRail = "Höllkriegelsreuth14P5P5P7"
onRailPosition = 450

[node name="Signal47" parent="Signals" instance=ExtResource( 11 )]
transform = Transform( -0.958009, 0, 0.286739, 0, 1, 0, -0.286739, 0, -0.958009, 20981, 3.8147e-06, 8113.78 )
visible = false
status = 1
blockSignal = true
attachedRail = "Höllkriegelsreuth14P5P5P10P"
forward = false
onRailPosition = 450

[node name="Signal48" parent="Signals" instance=ExtResource( 11 )]
transform = Transform( 0.960297, 0, -0.278981, 0, 1, 0, 0.278981, 0, 0.960297, 21507.1, 3.8147e-06, 8275.06 )
visible = false
status = 1
blockSignal = true
attachedRail = "Höllkriegelsreuth14P5P5P8"
onRailPosition = 500

[node name="Signal49" parent="Signals" instance=ExtResource( 11 )]
transform = Transform( -0.962863, 0, 0.26999, 0, 1, 0, -0.26999, 0, -0.962863, 21710.1, 3.8147e-06, 8328.77 )
visible = false
status = 1
blockSignal = true
attachedRail = "Höllkriegelsreuth14P5P5P8P2"
forward = false
onRailPosition = 10

[node name="Signal50" parent="Signals" instance=ExtResource( 11 )]
transform = Transform( 0.994183, 0, -0.107701, 0, 1, 0, 0.107701, 0, 0.994183, 22081.6, 3.8147e-06, 8405.03 )
visible = false
status = 1
blockSignal = true
attachedRail = "Höllkriegelsreuth14P5P5P8P2P"
onRailPosition = 390

[node name="Signal51" parent="Signals" instance=ExtResource( 11 )]
transform = Transform( -0.994678, 0, 0.10303, 0, 1, 0, -0.10303, 0, -0.994678, 22391.1, 3.8147e-06, 8432.59 )
visible = false
setPassAtH = 12
setPassAtM = 4
setPassAtS = 40
speed = 120
attachedRail = "Höllkriegelsreuth14P5P5P8P2P3P2"
forward = false
onRailPosition = 50

[node name="Signal52" parent="Signals" instance=ExtResource( 11 )]
transform = Transform( -0.99069, 0, 0.136137, 0, 1, 0, -0.136137, 0, -0.99069, 22390.1, 3.8147e-06, 8442.87 )
visible = false
attachedRail = "Höllkriegelsreuth14P5P5P8P2P3P3PConnector"
forward = false
onRailPosition = 50

[node name="Signal53" parent="Signals" instance=ExtResource( 11 )]
transform = Transform( -0.994678, 0, 0.10303, 0, 1, 0, -0.10303, 0, -0.994678, 22371.9, 3.8147e-06, 8423.57 )
visible = false
attachedRail = "Höllkriegelsreuth14P5P5P8P2P3P2P"
forward = false
onRailPosition = 30

[node name="Signal54" parent="Signals" instance=ExtResource( 11 )]
transform = Transform( -0.994678, 0, 0.10303, 0, 1, 0, -0.10303, 0, -0.994678, 22476.9, 3.8147e-06, 8423.91 )
visible = false
attachedRail = "Höllkriegelsreuth14P5P5P8P2P3PConnectorConnector5"
forward = false
onRailPosition = 10

[node name="Signal55" parent="Signals" instance=ExtResource( 11 )]
transform = Transform( -0.999814, 0, 0.0192658, 0, 1, 0, -0.0192658, 0, -0.999814, 22477.2, 3.8147e-06, 8418.37 )
visible = false
attachedRail = "Höllkriegelsreuth14P5P5P8P2P3PConnectorConnector6"
forward = false
onRailPosition = 10

[node name="Signal56" parent="Signals" instance=ExtResource( 11 )]
transform = Transform( 0.994678, 0, -0.10303, 0, 1, 0, 0.10303, 0, 0.994678, 22685.3, 3.8147e-06, 8456.02 )
visible = false
attachedRail = "Höllkriegelsreuth14P5P5P8P2P3P2P2"
onRailPosition = 195

[node name="Signal57" parent="Signals" instance=ExtResource( 11 )]
transform = Transform( 0.996742, 0, -0.0806558, 0, 1, 0, 0.0806558, 0, 0.996742, 22718.2, 3.8147e-06, 8478.2 )
visible = false
status = 1
setPassAtH = 12
setPassAtM = 27
setPassAtS = 50
speed = 100
attachedRail = "Höllkriegelsreuth14P5P5P8P2P3P3PConnector2"
onRailPosition = 30

[node name="Signal58" parent="Signals" instance=ExtResource( 11 )]
transform = Transform( 0.994678, 0, -0.10303, 0, 1, 0, 0.10303, 0, 0.994678, 22729.3, 3.8147e-06, 8467.62 )
visible = false
attachedRail = "Höllkriegelsreuth14P5P5P8P2P3P4"
onRailPosition = 40

[node name="Signal59" parent="Signals" instance=ExtResource( 11 )]
transform = Transform( 0.987005, 0, -0.160691, 0, 1, 0, 0.160691, 0, 0.987005, 22735.4, 3.8147e-06, 8451.86 )
visible = false
attachedRail = "Höllkriegelsreuth14P5P5P8P2P3PConnectorConnector8"
onRailPosition = 40

[node name="Signal60" parent="Signals" instance=ExtResource( 11 )]
transform = Transform( 0.994678, 0, -0.10303, 0, 1, 0, 0.10303, 0, 0.994678, 23077.4, 3.8147e-06, 8503.68 )
visible = false
attachedRail = "Höllkriegelsreuth14P5P5P8P2P3P6"
onRailPosition = 90

[node name="Signal61" parent="Signals" instance=ExtResource( 11 )]
transform = Transform( 0.994678, 0, -0.10303, 0, 1, 0, 0.10303, 0, 0.994678, 23162.6, 3.8147e-06, 8500.19 )
visible = false
attachedRail = "Höllkriegelsreuth14P5P5P8P2P3PConnectorConnector11"
onRailPosition = 150

[node name="Signal62" parent="Signals" instance=ExtResource( 11 )]
transform = Transform( -0.994678, 0, 0.10303, 0, 1, 0, -0.10303, 0, -0.994678, 22854.3, 3.8147e-06, 8468.25 )
visible = false
attachedRail = "Höllkriegelsreuth14P5P5P8P2P3PConnectorConnector10"
forward = false
onRailPosition = 40

[node name="Signal63" parent="Signals" instance=ExtResource( 11 )]
transform = Transform( -0.994678, 0, 0.10303, 0, 1, 0, -0.10303, 0, -0.994678, 23216.7, 3.8147e-06, 8511.83 )
visible = false
status = 1
setPassAtH = 13
setPassAtM = 30
blockSignal = true
attachedRail = "HarrasP"
forward = false
onRailPosition = 5

[node name="Signal64" parent="Signals" instance=ExtResource( 11 )]
transform = Transform( -0.994678, 0, 0.10303, 0, 1, 0, -0.10303, 0, -0.994678, 22898.4, 3.8147e-06, 8485.14 )
visible = false
status = 1
blockSignal = true
attachedRail = "Höllkriegelsreuth14P5P5P8P2P3P5"
forward = false
onRailPosition = 10

[node name="Signal65" parent="Signals" instance=ExtResource( 11 )]
transform = Transform( -0.994678, 0, 0.10303, 0, 1, 0, -0.10303, 0, -0.994678, 23217.3, 3.8147e-06, 8505.86 )
visible = false
attachedRail = "Harras"
forward = false
onRailPosition = 5

[node name="Signal66" parent="Signals" instance=ExtResource( 11 )]
transform = Transform( -0.995221, 0, 0.0976465, 0, 1, 0, -0.0976465, 0, -0.995221, 23116.7, 3.8147e-06, 8512.2 )
visible = false
attachedRail = "Höllkriegelsreuth14P5P5P8P2P3P5P2Connector"
forward = false
onRailPosition = 30

[node name="Signal67" parent="Signals" instance=ExtResource( 11 )]
transform = Transform( 0.9949, 0, -0.100865, 0, 1, 0, 0.100865, 0, 0.9949, 23419.9, 3.8147e-06, 8538.91 )
visible = false
status = 1
blockSignal = true
attachedRail = "Harras2PP"
onRailPosition = 10

[node name="Signal68" parent="Signals" instance=ExtResource( 11 )]
transform = Transform( 0.9949, 0, -0.100863, 0, 1, 0, 0.100863, 0, 0.9949, 23420.6, 3.8147e-06, 8532.94 )
visible = false
attachedRail = "Harras2P"
onRailPosition = 10

[node name="Signal69" parent="Signals" instance=ExtResource( 11 )]
transform = Transform( 0.994901, 0, -0.10086, 0, 1, 0, 0.10086, 0, 0.994901, 23421.2, 3.8147e-06, 8526.97 )
visible = false
attachedRail = "Harras2"
onRailPosition = 10

[node name="Signal70" parent="Signals" instance=ExtResource( 11 )]
transform = Transform( -0.999942, 0, -0.0107664, 0, 1, 0, 0.0107664, 0, -0.999942, 23935.5, 3.8147e-06, 8546.09 )
visible = false
attachedRail = "Harras2PP3PPConnector"
forward = false
onRailPosition = 50

[node name="Signal71" parent="Signals" instance=ExtResource( 11 )]
transform = Transform( -0.999942, 0, -0.0107671, 0, 1, 0, 0.0107671, 0, -0.999942, 23935.4, 3.8147e-06, 8552.09 )
visible = false
status = 1
setPassAtH = 13
setPassAtM = 29
setPassAtS = 48
blockSignal = true
attachedRail = "Harras2PP3PConnector"
forward = false
onRailPosition = 50

[node name="Signal72" parent="Signals" instance=ExtResource( 11 )]
transform = Transform( -0.999873, 0, 0.0159461, 0, 1, 0, -0.0159461, 0, -0.999873, 23910.3, 3.8147e-06, 8563.35 )
visible = false
attachedRail = "Harras2PP2"
forward = false
onRailPosition = 100

[node name="Signal73" parent="Signals" instance=ExtResource( 11 )]
transform = Transform( 0.999979, 0, 0.00652385, 0, 1, 0, -0.00652385, 0, 0.999979, 24190.2, 3.8147e-06, 8567.48 )
visible = false
status = 1
blockSignal = true
attachedRail = "Harras2PP3Connector"
onRailPosition = 30

[node name="Signal74" parent="Signals" instance=ExtResource( 11 )]
transform = Transform( 0.999873, 0, -0.015946, 0, 1, 0, 0.015946, 0, 0.999873, 24410.4, 3.8147e-06, 8559.33 )
visible = false
attachedRail = "Harras2PP3P2"
onRailPosition = 50

[node name="Signal75" parent="Signals" instance=ExtResource( 11 )]
transform = Transform( 0.999873, 0, -0.015946, 0, 1, 0, 0.015946, 0, 0.999873, 24555.3, 3.8147e-06, 8566.14 )
visible = false
status = 1
blockSignal = true
attachedRail = "Harras2PP3P2P"
onRailPosition = 195

[node name="Signal76" parent="Signals" instance=ExtResource( 11 )]
transform = Transform( 0.999873, 0, -0.015946, 0, 1, 0, 0.015946, 0, 0.999873, 24310.5, 3.8147e-06, 8551.73 )
visible = false
attachedRail = "Harras2PP3PP"
onRailPosition = 350

[node name="Signal77" parent="Signals" instance=ExtResource( 11 )]
transform = Transform( -0.999873, 0, 0.0159461, 0, 1, 0, -0.0159461, 0, -0.999873, 24710.4, 3.8147e-06, 8564.11 )
visible = false
status = 1
blockSignal = true
attachedRail = "Harras2PP3P3"
forward = false
onRailPosition = 200

[node name="Signal78" parent="Signals" instance=ExtResource( 11 )]
transform = Transform( -0.999873, 0, 0.0159461, 0, 1, 0, -0.0159461, 0, -0.999873, 24710.3, 3.8147e-06, 8568.61 )
visible = false
attachedRail = "Harras2PP3P2P"
forward = false
onRailPosition = 350

[node name="Signal79" parent="Signals" instance=ExtResource( 11 )]
transform = Transform( -0.999873, 0, 0.0159461, 0, 1, 0, -0.0159461, 0, -0.999873, 24720.5, 3.8147e-06, 8558.27 )
visible = false
attachedRail = "Harras2PP3P2P2"
forward = false
onRailPosition = 360

[node name="Signal80" parent="Signals" instance=ExtResource( 11 )]
transform = Transform( 0.886491, 0, 0.462746, 0, 1, 0, -0.462746, 0, 0.886491, 25039.5, 3.8147e-06, 8503.26 )
visible = false
speed = 60
attachedRail = "Harras2PP3P2P3PP"
onRailPosition = 290

[node name="Signal81" parent="Signals" instance=ExtResource( 11 )]
transform = Transform( 0.884697, 0, 0.466167, 0, 1, 0, -0.466167, 0, 0.884697, 25039.4, 3.8147e-06, 8498.23 )
visible = false
attachedRail = "Harras2PP3P2P3PPP"
onRailPosition = 290

[node name="Signal82" parent="Signals" instance=ExtResource( 11 )]
