[gd_scene load_steps=14 format=2]

[ext_resource path="res://Data/Scripts/ContactPoint.gd" type="Script" id=1]
[ext_resource path="res://Data/Scripts/Signal.gd" type="Script" id=2]
[ext_resource path="res://Data/Scripts/Station.gd" type="Script" id=3]
[ext_resource path="res://Data/Modules/Rail.tscn" type="PackedScene" id=4]
[ext_resource path="res://Data/Scripts/SpeedLimitSignal.gd" type="Script" id=5]
[ext_resource path="res://Data/Scripts/Rail.gd" type="Script" id=6]
[ext_resource path="res://Data/Modules/Station.tscn" type="PackedScene" id=10]
[ext_resource path="res://Data/Modules/Signal.tscn" type="PackedScene" id=11]
[ext_resource path="res://Data/Scripts/World.gd" type="Script" id=12]
[ext_resource path="res://Data/Modules/SpeedLimit_Lf7.tscn" type="PackedScene" id=16]
[ext_resource path="res://Resources/Environments/BasicWorldEnvironment.tres" type="Environment" id=18]
[ext_resource path="res://Data/Modules/ContactPoint.tscn" type="PackedScene" id=29]
[ext_resource path="res://Resources/Environments/BasicSun.tscn" type="PackedScene" id=38]

[node name="World" type="Spatial"]
script = ExtResource( 12 )
FileName = "Hainfurt"
world_origin_on_last_save = Vector3( -22000, 0, -8000 )

[node name="WorldEnvironment" type="WorldEnvironment" parent="."]
environment = ExtResource( 18 )

[node name="Players" type="Spatial" parent="."]

[node name="Signals" type="Spatial" parent="."]

[node name="Wolfsfurt" type="Spatial" parent="Signals" groups=["Signal"] instance=ExtResource( 10 )]
transform = Transform( 0.991335, 0, -0.131357, 0, 1, 0, 0.131357, 0, 0.991335, -21971, 3.8147e-06, -8001.27 )
script = ExtResource( 3 )
length = 150
platform_side = 1
personSystem = true
platformHeight = 1.2
platformStart = 2.5
platformEnd = 4.5
attached_rail = "RailP15"
on_rail_position = 245.0
forward = false
assigned_signal = "Signal36"

[node name="Silberbach" type="Spatial" parent="Signals" groups=["Signal"] instance=ExtResource( 10 )]
transform = Transform( 0.844004, 0, -0.536337, 0, 1, 0, 0.536337, 0, 0.844004, -18172.8, 3.8147e-06, -7823.49 )
script = ExtResource( 3 )
length = 150
platform_side = 2
personSystem = true
platformHeight = 1.2
platformStart = 2.5
platformEnd = 4.5
attached_rail = "Icking2"
on_rail_position = 200.0
forward = true
assigned_signal = "Signal21"

[node name="SignalSilberbach_E1" type="Spatial" parent="Signals" groups=["Signal"] instance=ExtResource( 11 )]
transform = Transform( 0.893433, 0, -0.449196, 0, 1, 0, 0.449196, 0, 0.893433, -18478.7, 3.8147e-06, -7993.53 )
script = ExtResource( 2 )
signal_type = 3
status = 1
signal_free_time = -1
speed = 60.0
visual_instance_path = "res://Resources/SignalTypes/Ks/Ks.tscn"
attached_rail = "RailP12"
forward = true
on_rail_position = 0
operation_mode = 0

[node name="Signal_STK1" type="Spatial" parent="Signals" groups=["Signal"] instance=ExtResource( 11 )]
transform = Transform( 0.949038, 0, -0.315161, 0, 1, 0, 0.315161, 0, 0.949038, -19184.5, 3.8147e-06, -7684.58 )
script = ExtResource( 2 )
signal_type = 3
status = 1
signal_free_time = -1
speed = -1.0
visual_instance_path = "res://Resources/SignalTypes/Ks/Ks.tscn"
attached_rail = "RailP10"
forward = true
on_rail_position = 40
operation_mode = 0

[node name="Signal_STK2" type="Spatial" parent="Signals" groups=["Signal"] instance=ExtResource( 11 )]
transform = Transform( 0.898718, 0, -0.438528, 0, 1, 0, 0.438528, 0, 0.898718, -20439.4, 3.8147e-06, -8227.43 )
script = ExtResource( 2 )
signal_type = 3
status = 1
signal_free_time = -1
speed = 100.0
visual_instance_path = "res://Resources/SignalTypes/Ks/Ks.tscn"
attached_rail = "RailP6"
forward = true
on_rail_position = 20
operation_mode = 0

[node name="SignalSTK3" type="Spatial" parent="Signals" groups=["Signal"] instance=ExtResource( 11 )]
transform = Transform( 0.94833, 0, -0.317286, 0, 1, 0, 0.317286, 0, 0.94833, -16873.9, 3.8147e-06, -7031.67 )
script = ExtResource( 2 )
signal_type = 3
status = 1
signal_free_time = -1
speed = -1.0
visual_instance_path = "res://Resources/SignalTypes/Ks/Ks.tscn"
attached_rail = "Icking7"
forward = true
on_rail_position = 30
operation_mode = 0

[node name="SignalSTK4" type="Spatial" parent="Signals" groups=["Signal"] instance=ExtResource( 11 )]
transform = Transform( 0.952761, 0, -0.303723, 0, 1, 0, 0.303723, 0, 0.952761, -15360.4, 3.8147e-06, -6431.63 )
script = ExtResource( 2 )
signal_type = 3
status = 1
signal_free_time = -1
speed = -1.0
visual_instance_path = "res://Resources/SignalTypes/Ks/Ks.tscn"
attached_rail = "Icking10"
forward = true
on_rail_position = 30
operation_mode = 0

[node name="Signal_Goldensee_E" type="Spatial" parent="Signals" groups=["Signal"] instance=ExtResource( 11 )]
transform = Transform( 0.956686, 0, -0.291121, 0, 1, 0, 0.291121, 0, 0.956686, -14730.3, 3.8147e-06, -6235.33 )
script = ExtResource( 2 )
signal_type = 3
status = 1
signal_free_time = -1
speed = 80.0
visual_instance_path = "res://Resources/SignalTypes/Ks/Ks.tscn"
attached_rail = "Icking10"
forward = true
on_rail_position = 690
operation_mode = 0

[node name="SignalSTK5" type="Spatial" parent="Signals" groups=["Signal"] instance=ExtResource( 11 )]
transform = Transform( 0.980796, 0, -0.195038, 0, 1, 0, 0.195038, 0, 0.980796, -13095.6, 3.8147e-06, -5717.54 )
script = ExtResource( 2 )
signal_type = 3
status = 1
signal_free_time = -1
speed = 110.0
visual_instance_path = "res://Resources/SignalTypes/Ks/Ks.tscn"
attached_rail = "Ebenhausen7"
forward = true
on_rail_position = 200
operation_mode = 0

[node name="SignalSTK6" type="Spatial" parent="Signals" groups=["Signal"] instance=ExtResource( 11 )]
transform = Transform( 0.772583, 0, -0.634914, 0, 1, 0, 0.634914, 0, 0.772583, -11792.2, 3.8147e-06, -5157.02 )
script = ExtResource( 2 )
signal_type = 3
status = 1
signal_free_time = -1
speed = -1.0
visual_instance_path = "res://Resources/SignalTypes/Ks/Ks.tscn"
attached_rail = "Ebenhausen12"
forward = true
on_rail_position = 40
operation_mode = 0

[node name="Klingental_E" type="Spatial" parent="Signals" groups=["Signal"] instance=ExtResource( 11 )]
transform = Transform( 0.87535, 0, -0.483491, 0, 1, 0, 0.483491, 0, 0.87535, -9608.49, 3.8147e-06, -3821 )
script = ExtResource( 2 )
signal_type = 3
status = 1
signal_free_time = -1
speed = 80.0
visual_instance_path = "res://Resources/SignalTypes/Ks/Ks.tscn"
attached_rail = "Ebenhausen19"
forward = true
on_rail_position = 320
operation_mode = 0

[node name="Signal_BuchenhainE" type="Spatial" parent="Signals" groups=["Signal"] instance=ExtResource( 11 )]
transform = Transform( 0.890898, 0, -0.454202, 0, 1, 0, 0.454202, 0, 0.890898, -7269.88, 3.8147e-06, -1786.23 )
script = ExtResource( 2 )
signal_type = 3
status = 1
signal_free_time = -1
speed = -1.0
visual_instance_path = "res://Resources/SignalTypes/Ks/Ks.tscn"
attached_rail = "Höllkriegelsreuth"
forward = true
on_rail_position = 290
operation_mode = 0

[node name="Signal_BuchenhainA1" type="Spatial" parent="Signals" groups=["Signal"] instance=ExtResource( 11 )]
transform = Transform( 0.878951, 0, -0.476912, 0, 1, 0, 0.476912, 0, 0.878951, -6723.23, 3.8147e-06, -1494.94 )
script = ExtResource( 2 )
signal_type = 3
status = 1
signal_free_time = -1
speed = 120.0
visual_instance_path = "res://Resources/SignalTypes/Ks/Ks.tscn"
attached_rail = "Höllkriegelsreuth9PConnector2"
forward = true
on_rail_position = 10
operation_mode = 1

[node name="Goldensee" type="Spatial" parent="Signals" groups=["Signal"] instance=ExtResource( 10 )]
transform = Transform( 0.589004, 0, -0.80813, 0, 1, 0, 0.80813, 0, 0.589004, -14333.2, 3.8147e-06, -5859.55 )
script = ExtResource( 3 )
length = 150
platform_side = 2
personSystem = true
platformHeight = 1.2
platformStart = 2.5
platformEnd = 4.5
attached_rail = "Ebenhausen"
on_rail_position = 250.0
forward = true
assigned_signal = "Signal33"

[node name="Klingental" type="Spatial" parent="Signals" groups=["Signal"] instance=ExtResource( 10 )]
transform = Transform( 0.0712602, 0, -0.997458, 0, 1, 0, 0.997458, 0, 0.0712602, -9401.26, 3.8147e-06, -3521.6 )
script = ExtResource( 3 )
length = 150
platform_side = 2
personSystem = true
platformHeight = 1.2
platformStart = 2.5
platformEnd = 4.5
attached_rail = "Ebenhausen22"
on_rail_position = 2.0
forward = true
assigned_signal = "Signal10"

[node name="Siemenswerke" type="Spatial" parent="Signals" groups=["Signal"] instance=ExtResource( 10 )]
transform = Transform( 0.748026, 0, -0.663669, 0, 1, 0, 0.663669, 0, 0.748026, -8290.14, 3.8147e-06, -2564.75 )
script = ExtResource( 3 )
length = 150
platform_side = 2
personSystem = true
platformHeight = 1.2
platformStart = 2.5
platformEnd = 4.5
attached_rail = "Buchenhain2"
on_rail_position = 300.0
forward = true
assigned_signal = ""

[node name="Buchenhain" type="Spatial" parent="Signals" groups=["Signal"] instance=ExtResource( 10 )]
transform = Transform( 0.875349, 0, -0.483491, 0, 1, 0, 0.483491, 0, 0.875349, -6907.1, 3.8147e-06, -1596.44 )
script = ExtResource( 3 )
length = 200
platform_side = 1
personSystem = true
platformHeight = 1.2
platformStart = 2.5
platformEnd = 4.5
attached_rail = "Höllkriegelsreuth9P"
on_rail_position = 0.0
forward = true
assigned_signal = "Signal_BuchenhainA1"

[node name="Signal3" type="Spatial" parent="Signals" groups=["Signal"] instance=ExtResource( 11 )]
transform = Transform( 0.875882, 0, -0.482527, 0, 1, 0, 0.482527, 0, 0.875882, -6264.43, 3.8147e-06, -1250.07 )
script = ExtResource( 2 )
signal_type = 3
status = 1
signal_free_time = -1
speed = 160.0
visual_instance_path = "res://Resources/SignalTypes/Ks/Ks.tscn"
attached_rail = "Höllkriegelsreuth13P"
forward = true
on_rail_position = 30
operation_mode = 0

[node name="Signal4" type="Spatial" parent="Signals" groups=["Signal"] instance=ExtResource( 11 )]
transform = Transform( 0.872377, 0, -0.488833, 0, 1, 0, 0.488833, 0, 0.872377, -6715.26, 3.8147e-06, -1511.26 )
script = ExtResource( 2 )
signal_type = 3
status = 1
signal_free_time = -1
speed = -1.0
visual_instance_path = "res://Resources/SignalTypes/Ks/Ks.tscn"
attached_rail = "Höllkriegelsreuth5P3Connector"
forward = true
on_rail_position = 10
operation_mode = 0

[node name="Signal5" type="Spatial" parent="Signals" groups=["Signal"] instance=ExtResource( 11 )]
transform = Transform( 0.87535, 0, -0.483491, 0, 1, 0, 0.483491, 0, 0.87535, -6717.45, 3.8147e-06, -1505.41 )
script = ExtResource( 2 )
signal_type = 3
status = 1
signal_free_time = -1
speed = -1.0
visual_instance_path = "res://Resources/SignalTypes/Ks/Ks.tscn"
attached_rail = "Höllkriegelsreuth10"
forward = true
on_rail_position = 10
operation_mode = 0

[node name="Signal6" type="Spatial" parent="Signals" groups=["Signal"] instance=ExtResource( 11 )]
transform = Transform( 0.829878, 0, -0.557946, 0, 1, 0, 0.557946, 0, 0.829878, -6984.42, 3.8147e-06, -1664.92 )
script = ExtResource( 2 )
signal_type = 3
status = 1
signal_free_time = -1
speed = -1.0
visual_instance_path = "res://Resources/SignalTypes/Ks/Ks.tscn"
attached_rail = "Höllkriegelsreuth5P4"
forward = false
on_rail_position = 100
operation_mode = 0

[node name="Signal7" type="Spatial" parent="Signals" groups=["Signal"] instance=ExtResource( 11 )]
transform = Transform( -0.87535, 0, 0.483491, 0, 1, 0, -0.483491, 0, -0.87535, -6894.72, 3.8147e-06, -1610.39 )
script = ExtResource( 2 )
signal_type = 3
status = 1
signal_free_time = -1
speed = -1.0
visual_instance_path = "res://Resources/SignalTypes/Ks/Ks.tscn"
attached_rail = "Höllkriegelsreuth5P3"
forward = false
on_rail_position = 5
operation_mode = 0

[node name="Signal8" type="Spatial" parent="Signals" groups=["Signal"] instance=ExtResource( 11 )]
transform = Transform( -0.875347, 0, 0.483494, 0, 1, 0, -0.483494, 0, -0.875347, -6901.3, 3.8147e-06, -1606.94 )
script = ExtResource( 2 )
signal_type = 3
status = 1
signal_free_time = -1
speed = -1.0
visual_instance_path = "res://Resources/SignalTypes/Ks/Ks.tscn"
attached_rail = "Höllkriegelsreuth9Connector"
forward = true
on_rail_position = 0
operation_mode = 1

[node name="Signal9" type="Spatial" parent="Signals" groups=["Signal"] instance=ExtResource( 11 )]
transform = Transform( -0.875491, 0, 0.483234, 0, 1, 0, -0.483234, 0, -0.875491, -6907.76, 3.8147e-06, -1596.77 )
script = ExtResource( 2 )
signal_type = 3
status = 1
signal_free_time = -1
speed = -1.0
visual_instance_path = "res://Resources/SignalTypes/Ks/Ks.tscn"
attached_rail = "Höllkriegelsreuth9PConnector"
forward = false
on_rail_position = 49
operation_mode = 0

[node name="Signal11" type="Spatial" parent="Signals" groups=["Signal"] instance=ExtResource( 11 )]
transform = Transform( -0.824979, 0, 0.565163, 0, 1, 0, -0.565163, 0, -0.824979, -9271.98, 3.8147e-06, -3187.42 )
script = ExtResource( 2 )
signal_type = 3
status = 1
signal_free_time = -1
speed = -1.0
visual_instance_path = "res://Resources/SignalTypes/Ks/Ks.tscn"
attached_rail = "Ebenhausen24"
forward = false
on_rail_position = 30
operation_mode = 0

[node name="Signal12" type="Spatial" parent="Signals" groups=["Signal"] instance=ExtResource( 11 )]
transform = Transform( -0.126251, 0, 0.991998, 0, 1, 0, -0.991998, 0, -0.126251, -9398.19, 3.8147e-06, -3535.42 )
script = ExtResource( 2 )
signal_type = 3
status = 1
signal_free_time = -1
speed = -1.0
visual_instance_path = "res://Resources/SignalTypes/Ks/Ks.tscn"
attached_rail = "Ebenhausen21"
forward = false
on_rail_position = 340
operation_mode = 1

[node name="Signal14" type="Spatial" parent="Signals" groups=["Signal"] instance=ExtResource( 11 )]
transform = Transform( -0.784899, 0, 0.619623, 0, 1, 0, -0.619623, 0, -0.784899, -11485.6, 3.8147e-06, -4884.91 )
script = ExtResource( 2 )
signal_type = 3
status = 1
signal_free_time = -1
speed = -1.0
visual_instance_path = "res://Resources/SignalTypes/Ks/Ks.tscn"
attached_rail = "Ebenhausen13"
forward = false
on_rail_position = 50
operation_mode = 0

[node name="Signal15" type="Spatial" parent="Signals" groups=["Signal"] instance=ExtResource( 11 )]
transform = Transform( -0.85038, 0, 0.526168, 0, 1, 0, -0.526168, 0, -0.85038, -12700.9, 3.8147e-06, -5505.58 )
script = ExtResource( 2 )
signal_type = 3
status = 1
signal_free_time = -1
speed = -1.0
visual_instance_path = "res://Resources/SignalTypes/Ks/Ks.tscn"
attached_rail = "Ebenhausen9"
forward = false
on_rail_position = 50
operation_mode = 0

[node name="Signal16" type="Spatial" parent="Signals" groups=["Signal"] instance=ExtResource( 11 )]
transform = Transform( -0.999873, 0, 0.0159451, 0, 1, 0, -0.0159451, 0, -0.999873, -13916.3, 3.8147e-06, -5536.73 )
script = ExtResource( 2 )
signal_type = 3
status = 1
signal_free_time = -1
speed = 60.0
visual_instance_path = "res://Resources/SignalTypes/Ks/Ks.tscn"
attached_rail = "Ebenhausen3"
forward = false
on_rail_position = 50
operation_mode = 0

[node name="Signal18" type="Spatial" parent="Signals" groups=["Signal"] instance=ExtResource( 11 )]
transform = Transform( -0.747926, 0, 0.663782, 0, 1, 0, -0.663782, 0, -0.747926, -15604.7, 3.8147e-06, -6563.54 )
script = ExtResource( 2 )
signal_type = 3
status = 1
signal_free_time = -1
speed = -1.0
visual_instance_path = "res://Resources/SignalTypes/Ks/Ks.tscn"
attached_rail = "Icking9"
forward = false
on_rail_position = 50
operation_mode = 0

[node name="Signal19" type="Spatial" parent="Signals" groups=["Signal"] instance=ExtResource( 11 )]
transform = Transform( -0.939076, 0, 0.34371, 0, 1, 0, -0.34371, 0, -0.939076, -16949.5, 3.8147e-06, -7057.83 )
script = ExtResource( 2 )
signal_type = 3
status = 1
signal_free_time = -1
speed = -1.0
visual_instance_path = "res://Resources/SignalTypes/Ks/Ks.tscn"
attached_rail = "Icking6"
forward = false
on_rail_position = 450
operation_mode = 0

[node name="Signal20" type="Spatial" parent="Signals" groups=["Signal"] instance=ExtResource( 11 )]
transform = Transform( -0.82201, 0, 0.569473, 0, 1, 0, -0.569473, 0, -0.82201, -17759.9, 3.8147e-06, -7509.97 )
script = ExtResource( 2 )
signal_type = 3
status = 1
signal_free_time = -1
speed = -1.0
visual_instance_path = "res://Resources/SignalTypes/Ks/Ks.tscn"
attached_rail = "Icking4"
forward = false
on_rail_position = 20
operation_mode = 0

[node name="Signal22" type="Spatial" parent="Signals" groups=["Signal"] instance=ExtResource( 11 )]
transform = Transform( -0.898718, 0, 0.438528, 0, 1, 0, -0.438528, 0, -0.898718, -19266.4, 3.8147e-06, -7721.6 )
script = ExtResource( 2 )
signal_type = 3
status = 1
signal_free_time = -1
speed = -1.0
visual_instance_path = "res://Resources/SignalTypes/Ks/Ks.tscn"
attached_rail = "RailP9"
forward = false
on_rail_position = 300
operation_mode = 0

[node name="Signal23" type="Spatial" parent="Signals" groups=["Signal"] instance=ExtResource( 11 )]
transform = Transform( -0.959014, 0, 0.283357, 0, 1, 0, -0.283357, 0, -0.959014, -20550.5, 3.8147e-06, -8272.37 )
script = ExtResource( 2 )
signal_type = 3
status = 1
signal_free_time = -1
speed = -1.0
visual_instance_path = "res://Resources/SignalTypes/Ks/Ks.tscn"
attached_rail = "RailP5"
forward = false
on_rail_position = 600
operation_mode = 0

[node name="Signal24" type="Spatial" parent="Signals" groups=["Signal"] instance=ExtResource( 11 )]
transform = Transform( -0.94838, 0, -0.317135, 0, 1, 0, 0.317135, 0, -0.94838, -21281.2, 3.8147e-06, -8055.03 )
script = ExtResource( 2 )
signal_type = 3
status = 1
signal_free_time = -1
speed = 80.0
visual_instance_path = "res://Resources/SignalTypes/Ks/Ks.tscn"
attached_rail = "RailP4"
forward = false
on_rail_position = 5
operation_mode = 0

[node name="Signal25" type="Spatial" parent="Signals" groups=["Signal"] instance=ExtResource( 11 )]
transform = Transform( -0.991334, 0, 0.131362, 0, 1, 0, -0.131362, 0, -0.991334, -21975.9, 3.8147e-06, -8001.93 )
script = ExtResource( 2 )
signal_type = 3
status = 1
signal_free_time = -1
speed = 80.0
visual_instance_path = "res://Resources/SignalTypes/Ks/Ks.tscn"
attached_rail = "RailP15"
forward = true
on_rail_position = 250
operation_mode = 1

[node name="Signal26" type="Spatial" parent="Signals" groups=["Signal"] instance=ExtResource( 11 )]
transform = Transform( -0.991335, 0, 0.131357, 0, 1, 0, -0.131357, 0, -0.991335, -21976.2, 3.8147e-06, -8014.08 )
script = ExtResource( 2 )
signal_type = 3
status = 1
signal_free_time = -1
speed = -1.0
visual_instance_path = "res://Resources/SignalTypes/Ks/Ks.tscn"
attached_rail = "RailP"
forward = false
on_rail_position = 45
operation_mode = 1

[node name="Signal27" type="Spatial" parent="Signals" groups=["Signal"] instance=ExtResource( 11 )]
transform = Transform( -0.991335, 0, 0.131357, 0, 1, 0, -0.131357, 0, -0.991335, -21980.5, 3.8147e-06, -8019.2 )
script = ExtResource( 2 )
signal_type = 3
status = 1
signal_free_time = -1
speed = -1.0
visual_instance_path = "res://Resources/SignalTypes/Ks/Ks.tscn"
attached_rail = "Rail"
forward = false
on_rail_position = 40
operation_mode = 0

[node name="Buchenhain2R" type="Spatial" parent="Signals" groups=["Signal"] instance=ExtResource( 10 )]
transform = Transform( -0.875349, 0, 0.483491, 0, 1, 0, -0.483491, 0, -0.875349, -6734.98, 3.8147e-06, -1515.08 )
script = ExtResource( 3 )
length = 200
platform_side = 1
personSystem = true
platformHeight = 1.2
platformStart = 2.5
platformEnd = 4.5
attached_rail = "Höllkriegelsreuth9"
on_rail_position = 190.0
forward = false
assigned_signal = "Signal8"

[node name="SiemenswerkeR" type="Spatial" parent="Signals" groups=["Signal"] instance=ExtResource( 10 )]
transform = Transform( -0.744282, 0, 0.667865, 0, 1, 0, -0.667865, 0, -0.744282, -8181.95, 3.8147e-06, -2468.21 )
script = ExtResource( 3 )
length = 150
platform_side = 1
personSystem = true
platformHeight = 1.2
platformStart = 2.5
platformEnd = 4.5
attached_rail = "Buchenhain2"
on_rail_position = 445.0
forward = false
assigned_signal = ""

[node name="KlingentalR" type="Spatial" parent="Signals" groups=["Signal"] instance=ExtResource( 10 )]
transform = Transform( -0.0708195, 0, 0.997489, 0, 1, 0, -0.997489, 0, -0.0708195, -9386.35, 3.8147e-06, -3370.68 )
script = ExtResource( 3 )
length = 150
platform_side = 2
personSystem = true
platformHeight = 1.2
platformStart = 2.5
platformEnd = 4.5
attached_rail = "Ebenhausen25Connector"
on_rail_position = 70.0
forward = false
assigned_signal = "Signal12"

[node name="GoldenseeR" type="Spatial" parent="Signals" groups=["Signal"] instance=ExtResource( 10 )]
transform = Transform( -0.589004, 0, 0.80813, 0, 1, 0, -0.80813, 0, -0.589004, -14231.2, 3.8147e-06, -5728.65 )
script = ExtResource( 3 )
length = 150
platform_side = 2
personSystem = true
platformHeight = 1.2
platformStart = 2.5
platformEnd = 4.5
attached_rail = "Icking13"
on_rail_position = 400.0
forward = false
assigned_signal = "Signal13"

[node name="SilberbachR" type="Spatial" parent="Signals" groups=["Signal"] instance=ExtResource( 10 )]
transform = Transform( -0.804558, 0, 0.593874, 0, 1, 0, -0.593874, 0, -0.804558, -18055.3, 3.8147e-06, -7748.4 )
script = ExtResource( 3 )
length = 150
platform_side = 2
personSystem = true
platformHeight = 1.2
platformStart = 2.5
platformEnd = 4.5
attached_rail = "Icking2P"
on_rail_position = 340.0
forward = false
assigned_signal = "Signal17"

[node name="Wolfsfurt2R" type="Spatial" parent="Signals" groups=["Signal"] instance=ExtResource( 10 )]
transform = Transform( -0.991335, 0, 0.131357, 0, 1, 0, -0.131357, 0, -0.991335, -21822.5, 3.8147e-06, -7993.72 )
script = ExtResource( 3 )
length = 150
platform_side = 1
personSystem = true
platformHeight = 1.2
platformStart = 2.5
platformEnd = 4.5
attached_rail = "RailP"
on_rail_position = 200.0
forward = false
assigned_signal = "Signal26"

[node name="Wolfsfurt2" type="Spatial" parent="Signals" groups=["Signal"] instance=ExtResource( 10 )]
transform = Transform( 0.991335, 0, -0.131357, 0, 1, 0, 0.131357, 0, 0.991335, -21971.2, 3.8147e-06, -8013.42 )
script = ExtResource( 3 )
length = 150
platform_side = 2
personSystem = true
platformHeight = 1.2
platformStart = 2.5
platformEnd = 4.5
attached_rail = "RailP"
on_rail_position = 50.0
forward = true
assigned_signal = "Signal47"

[node name="SpeedLimit" type="Spatial" parent="Signals" groups=["Signal"] instance=ExtResource( 16 )]
transform = Transform( -0.890898, 0, 0.454202, 0, 1, 0, -0.454202, 0, -0.890898, -7269.88, 3.8147e-06, -1786.23 )
script = ExtResource( 5 )
speed = 90.0
attached_rail = "Höllkriegelsreuth"
on_rail_position = 290.0
forward = false

[node name="SpeedLimit2" type="Spatial" parent="Signals" groups=["Signal"] instance=ExtResource( 16 )]
transform = Transform( -0.899454, 0, 0.437016, 0, 1, 0, -0.437016, 0, -0.899454, -9116.21, 3.8147e-06, -3097.71 )
script = ExtResource( 5 )
speed = 90.0
attached_rail = "Ebenhausen26"
on_rail_position = 10.0
forward = false

[node name="SpeedLimit3" type="Spatial" parent="Signals" groups=["Signal"] instance=ExtResource( 16 )]
transform = Transform( -0.875349, 0, 0.483491, 0, 1, 0, -0.483491, 0, -0.875349, -9590.98, 3.8147e-06, -3811.33 )
script = ExtResource( 5 )
speed = 90.0
attached_rail = "Ebenhausen19"
on_rail_position = 340.0
forward = false

[node name="SpeedLimit4" type="Spatial" parent="Signals" groups=["Signal"] instance=ExtResource( 16 )]
transform = Transform( -0.533044, 0, 0.846087, 0, 1, 0, -0.846087, 0, -0.533044, -10262.4, 3.8147e-06, -4446.84 )
script = ExtResource( 5 )
speed = 110.0
attached_rail = "Ebenhausen16"
on_rail_position = 390.0
forward = false

[node name="SpeedLimit5" type="Spatial" parent="Signals" groups=["Signal"] instance=ExtResource( 16 )]
transform = Transform( -0.956686, 0, 0.29112, 0, 1, 0, -0.29112, 0, -0.956686, -14730.3, 3.8147e-06, -6235.33 )
script = ExtResource( 5 )
speed = 120.0
attached_rail = "Icking10"
on_rail_position = 690.0
forward = false

[node name="SpeedLimit6" type="Spatial" parent="Signals" groups=["Signal"] instance=ExtResource( 16 )]
transform = Transform( -0.911493, 0, 0.411315, 0, 1, 0, -0.411315, 0, -0.911493, -18487.7, 3.8147e-06, -7997.84 )
script = ExtResource( 5 )
speed = 80.0
attached_rail = "RailP11"
on_rail_position = 390.0
forward = false

[node name="SpeedLimit7" type="Spatial" parent="Signals" groups=["Signal"] instance=ExtResource( 16 )]
transform = Transform( -0.898718, 0, 0.438528, 0, 1, 0, -0.438528, 0, -0.898718, -19230.4, 3.8147e-06, -7704.06 )
script = ExtResource( 5 )
speed = 100.0
attached_rail = "RailP9"
on_rail_position = 340.0
forward = false

[node name="ContactPoint" type="Spatial" parent="Signals" groups=["Signal"] instance=ExtResource( 29 )]
transform = Transform( 0.876472, 0, -0.481453, 0, 1, 0, 0.481453, 0, 0.876472, -7003.32, 3.8147e-06, -1648.41 )
script = ExtResource( 1 )
affectedSignal = "Signal8"
disabled = false
newStatus = 1
newSpeed = -1.0
enable_for_all_trains = true
bySpecificTrain = ""
affectTime = 0.1
attached_rail = "Höllkriegelsreuth3"
on_rail_position = 140
forward = true

[node name="ContactPoint2" type="Spatial" parent="Signals" groups=["Signal"] instance=ExtResource( 29 )]
transform = Transform( -0.589004, 0, 0.80813, 0, 1, 0, -0.80813, 0, -0.589004, -14184.1, 3.8147e-06, -5664 )
script = ExtResource( 1 )
affectedSignal = "Signal_Goldensee_A1"
disabled = false
newStatus = 1
newSpeed = -1.0
enable_for_all_trains = true
bySpecificTrain = ""
affectTime = 0.1
attached_rail = "Icking13"
on_rail_position = 480
forward = false

[node name="ContactPoint3" type="Spatial" parent="Signals" groups=["Signal"] instance=ExtResource( 29 )]
transform = Transform( 0.589004, 0, -0.80813, 0, 1, 0, 0.80813, 0, 0.589004, -14480.5, 3.8147e-06, -6061.58 )
script = ExtResource( 1 )
affectedSignal = "Signal17"
disabled = false
newStatus = 1
newSpeed = -1.0
enable_for_all_trains = true
bySpecificTrain = ""
affectTime = 0.1
attached_rail = "Ebenhausen"
on_rail_position = 0
forward = true

[node name="Wolfsfurt1R" type="Spatial" parent="Signals" groups=["Signal"] instance=ExtResource( 10 )]
transform = Transform( -0.991335, 0, 0.131357, 0, 1, 0, -0.131357, 0, -0.991335, -21822.3, 3.8147e-06, -7981.57 )
script = ExtResource( 3 )
length = 150
platform_side = 2
personSystem = true
platformHeight = 1.2
platformStart = 2.5
platformEnd = 4.5
attached_rail = "RailP15"
on_rail_position = 95.0
forward = true
assigned_signal = "Signal25"

[node name="ContactPoint4" type="Spatial" parent="Signals" groups=["Signal"] instance=ExtResource( 29 )]
transform = Transform( -0.998686, 0, -0.0512422, 0, 1, 0, 0.0512422, 0, -0.998686, -21623.4, 3.8147e-06, -7964.87 )
script = ExtResource( 1 )
affectedSignal = "Signal2"
disabled = false
newStatus = 1
newSpeed = 80.0
enable_for_all_trains = true
bySpecificTrain = "Player"
affectTime = 4.0
attached_rail = "RailP14"
on_rail_position = 150
forward = true

[node name="Hainfurt_2" type="Spatial" parent="Signals" groups=["Signal"] instance=ExtResource( 10 )]
transform = Transform( 0.776197, 0, 0.630491, 0, 1, 0, -0.630491, 0, 0.776197, 3351.71, 3.8147e-06, 228.905 )
script = ExtResource( 3 )
length = 250
platform_side = 2
personSystem = true
platformHeight = 1.2
platformStart = 2.5
platformEnd = 4.5
attached_rail = "HainfurtP2P10"
on_rail_position = 50.0
forward = true
assigned_signal = ""

[node name="BuchenhainSiedlung" type="Spatial" parent="Signals" groups=["Signal"] instance=ExtResource( 10 )]
transform = Transform( 0.89169, 0, -0.452647, 0, 1, 0, 0.452647, 0, 0.89169, -5188.05, 3.8147e-06, -686.239 )
script = ExtResource( 3 )
length = 100
platform_side = 2
personSystem = true
platformHeight = 1.2
platformStart = 2.5
platformEnd = 4.5
attached_rail = "Höllkriegelsreuth14P"
on_rail_position = 295.0
forward = true
assigned_signal = "Signal32"

[node name="BuchenhainSiedlungR" type="Spatial" parent="Signals" groups=["Signal"] instance=ExtResource( 10 )]
transform = Transform( -0.89169, 0, 0.452647, 0, 1, 0, -0.452647, 0, -0.89169, -5087.96, 3.8147e-06, -640.468 )
script = ExtResource( 3 )
length = 100
platform_side = 2
personSystem = true
platformHeight = 1.2
platformStart = 2.5
platformEnd = 4.5
attached_rail = "Höllkriegelsreuth14PP"
on_rail_position = 405.0
forward = false
assigned_signal = "Signal35"

[node name="Borsdorf" type="Spatial" parent="Signals" groups=["Signal"] instance=ExtResource( 10 )]
transform = Transform( 0.956744, 0, -0.290931, 0, 1, 0, 0.290931, 0, 0.956744, -3702.14, 3.8147e-06, 41.6333 )
script = ExtResource( 3 )
length = 100
platform_side = 2
personSystem = true
platformHeight = 1.2
platformStart = 2.5
platformEnd = 4.5
attached_rail = "Höllkriegelsreuth14P3"
on_rail_position = 100.0
forward = true
assigned_signal = "Signal31"

[node name="BorsdorfR" type="Spatial" parent="Signals" groups=["Signal"] instance=ExtResource( 10 )]
transform = Transform( -0.993057, 0, 0.117631, 0, 1, 0, -0.117631, 0, -0.993057, -3602.36, 3.8147e-06, 57.9634 )
script = ExtResource( 3 )
length = 100
platform_side = 2
personSystem = true
platformHeight = 1.2
platformStart = 2.5
platformEnd = 4.5
attached_rail = "Höllkriegelsreuth14P3P"
on_rail_position = 200.0
forward = false
assigned_signal = "Signal38"

[node name="Ostkurve" type="Spatial" parent="Signals" groups=["Signal"] instance=ExtResource( 10 )]
transform = Transform( 0.996062, 0, 0.0886567, 0, 1, 0, -0.0886567, 0, 0.996062, -2781.1, 3.8147e-06, -255.251 )
script = ExtResource( 3 )
length = 200
platform_side = 2
personSystem = true
platformHeight = 1.2
platformStart = 2.5
platformEnd = 4.5
attached_rail = "Höllkriegelsreuth14P5P5P3"
on_rail_position = 45.0
forward = true
assigned_signal = "Signal39"

[node name="OstkurveR" type="Spatial" parent="Signals" groups=["Signal"] instance=ExtResource( 10 )]
transform = Transform( -0.987923, 0, 0.154946, 0, 1, 0, -0.154946, 0, -0.987923, -2559.04, 3.8147e-06, -258.386 )
script = ExtResource( 3 )
length = 200
platform_side = 1
personSystem = true
platformHeight = 1.2
platformStart = 2.5
platformEnd = 4.5
attached_rail = "Höllkriegelsreuth14P5P5P2P2"
on_rail_position = 255.0
forward = false
assigned_signal = "Signal40"

[node name="Mockau" type="Spatial" parent="Signals" groups=["Signal"] instance=ExtResource( 10 )]
transform = Transform( 0.976715, 0, -0.214542, 0, 1, 0, 0.214542, 0, 0.976715, -1847.53, 3.8147e-06, -96.2632 )
script = ExtResource( 3 )
length = 100
platform_side = 2
personSystem = true
platformHeight = 1.2
platformStart = 2.5
platformEnd = 4.5
attached_rail = "Höllkriegelsreuth14P5P5P7"
on_rail_position = 95.0
forward = true
assigned_signal = "Signal46"

[node name="MockauR" type="Spatial" parent="Signals" groups=["Signal"] instance=ExtResource( 10 )]
transform = Transform( -0.974612, 0, 0.223901, 0, 1, 0, -0.223901, 0, -0.974612, -1739.3, 3.8147e-06, -76.5493 )
script = ExtResource( 3 )
length = 100
platform_side = 2
personSystem = true
platformHeight = 1.2
platformStart = 2.5
platformEnd = 4.5
attached_rail = "Höllkriegelsreuth14P5P5P7P2"
on_rail_position = 205.0
forward = false
assigned_signal = "Signal45"

[node name="Pantzisch" type="Spatial" parent="Signals" groups=["Signal"] instance=ExtResource( 10 )]
transform = Transform( 0.958858, 0, -0.283886, 0, 1, 0, 0.283886, 0, 0.958858, -689.646, 3.8147e-06, 217.365 )
script = ExtResource( 3 )
length = 100
platform_side = 2
personSystem = true
platformHeight = 1.2
platformStart = 2.5
platformEnd = 4.5
attached_rail = "Höllkriegelsreuth14P5P5P8"
on_rail_position = 295.0
forward = true
assigned_signal = "Signal48"

[node name="PantzischR" type="Spatial" parent="Signals" groups=["Signal"] instance=ExtResource( 10 )]
transform = Transform( -0.959633, 0, 0.281254, 0, 1, 0, -0.281254, 0, -0.959633, -582.83, 3.8147e-06, 244.146 )
script = ExtResource( 3 )
length = 100
platform_side = 2
personSystem = true
platformHeight = 1.2
platformStart = 2.5
platformEnd = 4.5
attached_rail = "Höllkriegelsreuth14P5P5P8P"
on_rail_position = 405.0
forward = false
assigned_signal = "Signal92"

[node name="Machern" type="Spatial" parent="Signals" groups=["Signal"] instance=ExtResource( 10 )]
transform = Transform( 0.994678, 0, -0.10303, 0, 1, 0, 0.10303, 0, 0.994678, 489.4, 3.8147e-06, 454.83 )
script = ExtResource( 3 )
length = 200
platform_side = 1
personSystem = true
platformHeight = 1.2
platformStart = 2.5
platformEnd = 4.5
attached_rail = "Höllkriegelsreuth14P5P5P8P2P3P3P"
on_rail_position = 0.0
forward = true
assigned_signal = "Signal57"

[node name="MachernR" type="Spatial" parent="Signals" groups=["Signal"] instance=ExtResource( 10 )]
transform = Transform( -0.994678, 0, 0.10303, 0, 1, 0, -0.10303, 0, -0.994678, 689.535, 3.8147e-06, 463.496 )
script = ExtResource( 3 )
length = 200
platform_side = 1
personSystem = true
platformHeight = 1.2
platformStart = 2.5
platformEnd = 4.5
attached_rail = "Höllkriegelsreuth14P5P5P8P2P3P3"
on_rail_position = 200.0
forward = false
assigned_signal = "Signal51"

[node name="Harras" type="Spatial" parent="Signals" groups=["Signal"] instance=ExtResource( 10 )]
transform = Transform( 0.999873, 0, -0.015946, 0, 1, 0, 0.015946, 0, 0.999873, 1960.2, 3.8147e-06, 564.15 )
script = ExtResource( 3 )
length = 200
platform_side = 1
personSystem = true
platformHeight = 1.2
platformStart = 2.5
platformEnd = 4.5
attached_rail = "Harras2PP3"
on_rail_position = 0.0
forward = true
assigned_signal = "Signal73"

[node name="HarrasR" type="Spatial" parent="Signals" groups=["Signal"] instance=ExtResource( 10 )]
transform = Transform( -0.999873, 0, 0.0159461, 0, 1, 0, -0.0159461, 0, -0.999873, 2160.38, 3.8147e-06, 555.34 )
script = ExtResource( 3 )
length = 200
platform_side = 1
personSystem = true
platformHeight = 1.2
platformStart = 2.5
platformEnd = 4.5
attached_rail = "Harras2PP3P"
on_rail_position = 200.0
forward = false
assigned_signal = "Signal71"

[node name="Signal28" type="Spatial" parent="Signals" groups=["Signal"] instance=ExtResource( 11 )]
transform = Transform( 0.787083, 0, 0.616848, 0, 1, 0, -0.616848, 0, 0.787083, -3121.77, 3.8147e-06, -83.1143 )
script = ExtResource( 2 )
signal_type = 3
status = 1
signal_free_time = -1
speed = -1.0
visual_instance_path = "res://Resources/SignalTypes/Ks/Ks.tscn"
attached_rail = "Höllkriegelsreuth14P5P2P2"
forward = true
on_rail_position = 5
operation_mode = 0

[node name="Signal29" type="Spatial" parent="Signals" groups=["Signal"] instance=ExtResource( 11 )]
transform = Transform( 0.787083, 0, 0.616848, 0, 1, 0, -0.616848, 0, 0.787083, -3124.56, 3.8147e-06, -86.6646 )
script = ExtResource( 2 )
signal_type = 3
status = 1
signal_free_time = -1
speed = -1.0
visual_instance_path = "res://Resources/SignalTypes/Ks/Ks.tscn"
attached_rail = "Höllkriegelsreuth14P5P3"
forward = true
on_rail_position = 5
operation_mode = 0

[node name="Signal30" type="Spatial" parent="Signals" groups=["Signal"] instance=ExtResource( 11 )]
transform = Transform( 0.776154, 0, 0.630544, 0, 1, 0, -0.630544, 0, 0.776154, -3096.49, 1.42043, -85.7886 )
script = ExtResource( 2 )
signal_type = 3
status = 1
signal_free_time = -1
speed = 60.0
visual_instance_path = "res://Resources/SignalTypes/Ks/Ks.tscn"
attached_rail = "Höllkriegelsreuth14P11"
forward = true
on_rail_position = 5
operation_mode = 0

[node name="Signal31" type="Spatial" parent="Signals" groups=["Signal"] instance=ExtResource( 11 )]
transform = Transform( 0.994678, 0, -0.103031, 0, 1, 0, 0.103031, 0, 0.994678, -3594.48, 3.8147e-06, 63.3682 )
script = ExtResource( 2 )
signal_type = 3
status = 1
signal_free_time = -1
speed = -1.0
visual_instance_path = "res://Resources/SignalTypes/Ks/Ks.tscn"
attached_rail = "Höllkriegelsreuth14P3"
forward = true
on_rail_position = 210
operation_mode = 1

[node name="Signal34" type="Spatial" parent="Signals" groups=["Signal"] instance=ExtResource( 11 )]
transform = Transform( -0.876059, 0, 0.482204, 0, 1, 0, -0.482204, 0, -0.876059, -6253.47, 3.8147e-06, -1249.19 )
script = ExtResource( 2 )
signal_type = 3
status = 1
signal_free_time = -1
speed = -1.0
visual_instance_path = "res://Resources/SignalTypes/Ks/Ks.tscn"
attached_rail = "Höllkriegelsreuth13"
forward = false
on_rail_position = 40
operation_mode = 0

[node name="Signal35" type="Spatial" parent="Signals" groups=["Signal"] instance=ExtResource( 11 )]
transform = Transform( -0.89169, 0, 0.452647, 0, 1, 0, -0.452647, 0, -0.89169, -5190.51, 3.8147e-06, -692.522 )
script = ExtResource( 2 )
signal_type = 3
status = 1
signal_free_time = -1
speed = -1.0
visual_instance_path = "res://Resources/SignalTypes/Ks/Ks.tscn"
attached_rail = "Höllkriegelsreuth14PP"
forward = false
on_rail_position = 290
operation_mode = 1

[node name="Signal37" type="Spatial" parent="Signals" groups=["Signal"] instance=ExtResource( 11 )]
transform = Transform( -0.917314, 0, -0.398165, 0, 1, 0, 0.398165, 0, -0.917314, -3308.01, 3.8147e-06, 14.4146 )
script = ExtResource( 2 )
signal_type = 3
status = 1
signal_free_time = -1
speed = 140.0
visual_instance_path = "res://Resources/SignalTypes/Ks/Ks.tscn"
attached_rail = "Höllkriegelsreuth14P4P"
forward = false
on_rail_position = 5
operation_mode = 0

[node name="Signal39" type="Spatial" parent="Signals" groups=["Signal"] instance=ExtResource( 11 )]
transform = Transform( 0.987004, 0, -0.160691, 0, 1, 0, 0.160691, 0, 0.987004, -2566.8, 3.8147e-06, -247.466 )
script = ExtResource( 2 )
signal_type = 3
status = 1
signal_free_time = -1
speed = 120.0
visual_instance_path = "res://Resources/SignalTypes/Ks/Ks.tscn"
attached_rail = "Höllkriegelsreuth14P5P5P3"
forward = true
on_rail_position = 260
operation_mode = 1

[node name="Signal40" type="Spatial" parent="Signals" groups=["Signal"] instance=ExtResource( 11 )]
transform = Transform( -0.994363, 0, -0.106027, 0, 1, 0, 0.106027, 0, -0.994363, -2783.33, 3.8147e-06, -263.921 )
script = ExtResource( 2 )
signal_type = 3
status = 1
signal_free_time = -1
speed = 80.0
visual_instance_path = "res://Resources/SignalTypes/Ks/Ks.tscn"
attached_rail = "Höllkriegelsreuth14P5P5P2P2"
forward = false
on_rail_position = 30
operation_mode = 1

[node name="Signal41" type="Spatial" parent="Signals" groups=["Signal"] instance=ExtResource( 11 )]
transform = Transform( -0.97411, 0, 0.226075, 0, 1, 0, -0.226075, 0, -0.97411, -2227.84, 3.8147e-06, -182.461 )
script = ExtResource( 2 )
signal_type = 3
status = 1
signal_free_time = -1
speed = -1.0
visual_instance_path = "res://Resources/SignalTypes/Ks/Ks.tscn"
attached_rail = "Höllkriegelsreuth14P5P5P5PConnector"
forward = false
on_rail_position = 100
operation_mode = 0

[node name="Signal42" type="Spatial" parent="Signals" groups=["Signal"] instance=ExtResource( 11 )]
transform = Transform( 0.97846, 0, -0.206438, 0, 1, 0, 0.206438, 0, 0.97846, -2155.69, 3.8147e-06, -161.674 )
script = ExtResource( 2 )
signal_type = 3
status = 1
signal_free_time = -1
speed = -1.0
visual_instance_path = "res://Resources/SignalTypes/Ks/Ks.tscn"
attached_rail = "Höllkriegelsreuth14P5P5P4"
forward = true
on_rail_position = 380
operation_mode = 0

[node name="Signal44" type="Spatial" parent="Signals" groups=["Signal"] instance=ExtResource( 11 )]
transform = Transform( 0.977805, 0, -0.209518, 0, 1, 0, 0.209518, 0, 0.977805, -2149.76, 3.8147e-06, -165.038 )
script = ExtResource( 2 )
signal_type = 3
status = 1
signal_free_time = -1
speed = -1.0
visual_instance_path = "res://Resources/SignalTypes/Ks/Ks.tscn"
attached_rail = "Höllkriegelsreuth14P5P5P5PConnector"
forward = true
on_rail_position = 180
operation_mode = 0

[node name="Signal45" type="Spatial" parent="Signals" groups=["Signal"] instance=ExtResource( 11 )]
transform = Transform( -0.976995, 0, 0.213261, 0, 1, 0, -0.213261, 0, -0.976995, -1861.28, 3.8147e-06, -103.872 )
script = ExtResource( 2 )
signal_type = 3
status = 1
signal_free_time = -1
speed = -1.0
visual_instance_path = "res://Resources/SignalTypes/Ks/Ks.tscn"
attached_rail = "Höllkriegelsreuth14P5P5P7P2"
forward = false
on_rail_position = 80
operation_mode = 1

[node name="Signal46" type="Spatial" parent="Signals" groups=["Signal"] instance=ExtResource( 11 )]
transform = Transform( 0.974513, 0, -0.224333, 0, 1, 0, 0.224333, 0, 0.974513, -1735.33, 3.8147e-06, -71.0269 )
script = ExtResource( 2 )
signal_type = 3
status = 1
signal_free_time = -1
speed = -1.0
visual_instance_path = "res://Resources/SignalTypes/Ks/Ks.tscn"
attached_rail = "Höllkriegelsreuth14P5P5P7"
forward = true
on_rail_position = 210
operation_mode = 1

[node name="Signal48" type="Spatial" parent="Signals" groups=["Signal"] instance=ExtResource( 11 )]
