[gd_scene load_steps=14 format=2]

[ext_resource path="res://Data/Scripts/World.gd" type="Script" id=1]
[ext_resource path="res://Resources/Environments/BasicWorldEnvironment.tres" type="Environment" id=2]
[ext_resource path="res://Data/Modules/Station.tscn" type="PackedScene" id=3]
[ext_resource path="res://Data/Scripts/Station.gd" type="Script" id=4]
[ext_resource path="res://Data/Modules/Signal.tscn" type="PackedScene" id=5]
[ext_resource path="res://Data/Scripts/Signal.gd" type="Script" id=6]
[ext_resource path="res://Data/Modules/SpeedLimit_Lf7.tscn" type="PackedScene" id=7]
[ext_resource path="res://Data/Scripts/SpeedLimitSignal.gd" type="Script" id=8]
[ext_resource path="res://Data/Modules/ContactPoint.tscn" type="PackedScene" id=9]
[ext_resource path="res://Data/Scripts/ContactPoint.gd" type="Script" id=10]
[ext_resource path="res://Data/Modules/Rail.tscn" type="PackedScene" id=11]
[ext_resource path="res://Data/Scripts/Rail.gd" type="Script" id=12]
[ext_resource path="res://Resources/Environments/BasicSun.tscn" type="PackedScene" id=13]

[node name="World" type="Spatial"]
script = ExtResource( 1 )
__meta__ = {
"chunk_version": 2
}
FileName = "Hainfurt"
world_origin_on_last_save = Vector3( -4000, 0, -23000 )

[node name="WorldEnvironment" type="WorldEnvironment" parent="."]
environment = ExtResource( 2 )

[node name="Players" type="Spatial" parent="."]

[node name="Signals" type="Spatial" parent="."]

[node name="Wolfsfurt" type="Spatial" parent="Signals" groups=["Signal"] instance=ExtResource( 3 )]
transform = Transform( 0.991335, 0, -0.131357, 0, 1, 0, 0.131357, 0, 0.991335, -3970.98, 3.8147e-06, -23001.3 )
script = ExtResource( 4 )
attached_rail = "RailP15"
on_rail_position = 245.0
forward = false
length = 200
platform_side = 1
personSystem = true
platformHeight = 1.2
platformStart = 2.5
platformEnd = 4.5
assigned_signal = "Signal_Wolfsfurt_A3"

[node name="Silberbach" type="Spatial" parent="Signals" groups=["Signal"] instance=ExtResource( 3 )]
transform = Transform( 0.843987, 0, -0.536363, 0, 1, 0, 0.536363, 0, 0.843987, -172.812, 3.8147e-06, -22823.5 )
script = ExtResource( 4 )
attached_rail = "Icking2"
on_rail_position = 200.0
forward = true
length = 200
platform_side = 2
personSystem = true
platformHeight = 1.2
platformStart = 2.5
platformEnd = 4.5
assigned_signal = "SignalSilberbach_A1"

[node name="SignalSilberbach_A1" type="Spatial" parent="Signals" groups=["Signal"] instance=ExtResource( 5 )]
transform = Transform( 0.754526, 0, -0.65627, 0, 1, 0, 0.65627, 0, 0.754526, 66.5, 3.8147e-06, -22644.9 )
script = ExtResource( 6 )
attached_rail = "Icking3"
on_rail_position = 0.0
forward = true
signal_type = 3
status = 1
signal_free_time = -1
speed = 120.0
visual_instance_path = "res://Resources/SignalTypes/Ks/Ks.tscn"
operation_mode = 1

[node name="SignalSilberbach_E1" type="Spatial" parent="Signals" groups=["Signal"] instance=ExtResource( 5 )]
transform = Transform( 0.893586, 0, -0.448893, 0, 1, 0, 0.448893, 0, 0.893586, -460.83, 3.8147e-06, -22984.5 )
script = ExtResource( 6 )
attached_rail = "RailP12"
on_rail_position = 20.0
forward = true
signal_type = 3
status = 1
signal_free_time = -1
speed = 60.0
visual_instance_path = "res://Resources/SignalTypes/Ks/Ks.tscn"
operation_mode = 0

[node name="Signal_STK1" type="Spatial" parent="Signals" groups=["Signal"] instance=ExtResource( 5 )]
transform = Transform( 0.949031, 0, -0.315183, 0, 1, 0, 0.315183, 0, 0.949031, -1184.49, 3.8147e-06, -22684.6 )
script = ExtResource( 6 )
attached_rail = "RailP10"
on_rail_position = 40.0
forward = true
signal_type = 3
status = 1
signal_free_time = -1
speed = -1.0
visual_instance_path = "res://Resources/SignalTypes/Ks/Ks.tscn"
operation_mode = 0

[node name="Signal_STK2" type="Spatial" parent="Signals" groups=["Signal"] instance=ExtResource( 5 )]
transform = Transform( 0.898719, 0, -0.438524, 0, 1, 0, 0.438524, 0, 0.898719, -2439.43, 3.8147e-06, -23227.4 )
script = ExtResource( 6 )
attached_rail = "RailP6"
on_rail_position = 20.0
forward = true
signal_type = 3
status = 1
signal_free_time = -1
speed = 100.0
visual_instance_path = "res://Resources/SignalTypes/Ks/Ks.tscn"
operation_mode = 0

[node name="Signal_Wolfsfurt_A3" type="Spatial" parent="Signals" groups=["Signal"] instance=ExtResource( 5 )]
transform = Transform( 0.999342, 0, -0.0362587, 0, 1, 0, 0.0362587, 0, 0.999342, -3673.39, 3.8147e-06, -22964.5 )
script = ExtResource( 6 )
attached_rail = "RailP14"
on_rail_position = 200.0
forward = false
signal_type = 3
status = 1
signal_free_time = -1
speed = 80.0
visual_instance_path = "res://Resources/SignalTypes/Ks/Ks.tscn"
operation_mode = 1

[node name="Signal2" type="Spatial" parent="Signals" groups=["Signal"] instance=ExtResource( 5 )]
transform = Transform( 0.991335, 0, -0.131357, 0, 1, 0, 0.131357, 0, 0.991335, -3673.8, 3.8147e-06, -22974 )
script = ExtResource( 6 )
attached_rail = "RailP2"
on_rail_position = 0.0
forward = true
signal_type = 3
status = 1
signal_free_time = -1
speed = 80.0
visual_instance_path = "res://Resources/SignalTypes/Ks/Ks.tscn"
operation_mode = 0

[node name="Signal" type="Spatial" parent="Signals" groups=["Signal"] instance=ExtResource( 5 )]
transform = Transform( 0.991335, 0, -0.131357, 0, 1, 0, 0.131357, 0, 0.991335, -3673.2, 3.8147e-06, -22978.5 )
script = ExtResource( 6 )
attached_rail = "RailP2P"
on_rail_position = 0.0
forward = true
signal_type = 3
status = 1
signal_free_time = -1
speed = -1.0
visual_instance_path = "res://Resources/SignalTypes/Ks/Ks.tscn"
operation_mode = 0

[node name="SignalSTK3" type="Spatial" parent="Signals" groups=["Signal"] instance=ExtResource( 5 )]
transform = Transform( 0.948331, 0, -0.317282, 0, 1, 0, 0.317282, 0, 0.948331, 1126.13, 3.8147e-06, -22031.6 )
script = ExtResource( 6 )
attached_rail = "Icking7"
on_rail_position = 30.0
forward = true
signal_type = 3
status = 1
signal_free_time = -1
speed = -1.0
visual_instance_path = "res://Resources/SignalTypes/Ks/Ks.tscn"
operation_mode = 0

[node name="SignalSTK4" type="Spatial" parent="Signals" groups=["Signal"] instance=ExtResource( 5 )]
transform = Transform( 0.952758, 0, -0.30373, 0, 1, 0, 0.30373, 0, 0.952758, 2639.58, 3.8147e-06, -21431.7 )
script = ExtResource( 6 )
attached_rail = "Icking10"
on_rail_position = 30.0
forward = true
signal_type = 3
status = 1
signal_free_time = -1
speed = -1.0
visual_instance_path = "res://Resources/SignalTypes/Ks/Ks.tscn"
operation_mode = 0

[node name="Signal_Goldensee_E" type="Spatial" parent="Signals" groups=["Signal"] instance=ExtResource( 5 )]
transform = Transform( 0.956639, 0, -0.291275, 0, 1, 0, 0.291275, 0, 0.956639, 3269.69, 3.8147e-06, -21235.3 )
script = ExtResource( 6 )
attached_rail = "Icking10"
on_rail_position = 690.0
forward = true
signal_type = 3
status = 1
signal_free_time = -1
speed = 80.0
visual_instance_path = "res://Resources/SignalTypes/Ks/Ks.tscn"
operation_mode = 0

[node name="Signal_Goldensee_A1" type="Spatial" parent="Signals" groups=["Signal"] instance=ExtResource( 5 )]
transform = Transform( 0.588663, 0, -0.808378, 0, 1, 0, 0.808378, 0, 0.588663, 3794.77, 3.8147e-06, -20684 )
script = ExtResource( 6 )
attached_rail = "Ebenhausen4Connector"
on_rail_position = 20.0
forward = true
signal_type = 3
status = 1
signal_free_time = -1
speed = -1.0
visual_instance_path = "res://Resources/SignalTypes/Ks/Ks.tscn"
operation_mode = 0

[node name="SignalSTK5" type="Spatial" parent="Signals" groups=["Signal"] instance=ExtResource( 5 )]
transform = Transform( 0.980855, 0, -0.194739, 0, 1, 0, 0.194739, 0, 0.980855, 4904.41, 3.8147e-06, -20717.6 )
script = ExtResource( 6 )
attached_rail = "Ebenhausen7"
on_rail_position = 200.0
forward = true
signal_type = 3
status = 1
signal_free_time = -1
speed = 110.0
visual_instance_path = "res://Resources/SignalTypes/Ks/Ks.tscn"
operation_mode = 0

[node name="SignalSTK6" type="Spatial" parent="Signals" groups=["Signal"] instance=ExtResource( 5 )]
transform = Transform( 0.772589, 0, -0.634907, 0, 1, 0, 0.634907, 0, 0.772589, 6207.81, 3.8147e-06, -20157 )
script = ExtResource( 6 )
attached_rail = "Ebenhausen12"
on_rail_position = 40.0
forward = true
signal_type = 3
status = 1
signal_free_time = -1
speed = -1.0
visual_instance_path = "res://Resources/SignalTypes/Ks/Ks.tscn"
operation_mode = 0

[node name="SignalSTK7" type="Spatial" parent="Signals" groups=["Signal"] instance=ExtResource( 5 )]
transform = Transform( 0.960471, 0, -0.278381, 0, 1, 0, 0.278381, 0, 0.960471, 7448.51, 3.8147e-06, -19664.5 )
script = ExtResource( 6 )
attached_rail = "Ebenhausen16"
on_rail_position = 20.0
forward = true
signal_type = 3
status = 1
signal_free_time = -1
speed = 90.0
visual_instance_path = "res://Resources/SignalTypes/Ks/Ks.tscn"
operation_mode = 0

[node name="Klingental_E" type="Spatial" parent="Signals" groups=["Signal"] instance=ExtResource( 5 )]
transform = Transform( 0.875431, 0, -0.483344, 0, 1, 0, 0.483344, 0, 0.875431, 8391.51, 3.8147e-06, -18821 )
script = ExtResource( 6 )
attached_rail = "Ebenhausen19"
on_rail_position = 320.0
forward = true
signal_type = 3
status = 1
signal_free_time = -1
speed = 80.0
visual_instance_path = "res://Resources/SignalTypes/Ks/Ks.tscn"
operation_mode = 0

[node name="Klingental_A1" type="Spatial" parent="Signals" groups=["Signal"] instance=ExtResource( 5 )]
transform = Transform( 0.0712602, 0, -0.997458, 0, 1, 0, 0.997458, 0, 0.0712602, 8609.3, 3.8147e-06, -18374 )
script = ExtResource( 6 )
attached_rail = "Ebenhausen23"
on_rail_position = 0.0
forward = true
signal_type = 3
status = 1
signal_free_time = -1
speed = -1.0
visual_instance_path = "res://Resources/SignalTypes/Ks/Ks.tscn"
operation_mode = 0

[node name="SignalSTK8" type="Spatial" parent="Signals" groups=["Signal"] instance=ExtResource( 5 )]
transform = Transform( 0.754938, 0, -0.655796, 0, 1, 0, 0.655796, 0, 0.754938, 9506.96, 3.8147e-06, -17742.8 )
script = ExtResource( 6 )
attached_rail = "Buchenhain2"
on_rail_position = 30.0
forward = true
signal_type = 3
status = 1
signal_free_time = -1
speed = -1.0
visual_instance_path = "res://Resources/SignalTypes/Ks/Ks.tscn"
operation_mode = 0

[node name="Signal_BuchenhainE" type="Spatial" parent="Signals" groups=["Signal"] instance=ExtResource( 5 )]
transform = Transform( 0.891078, 0, -0.453851, 0, 1, 0, 0.453851, 0, 0.891078, 10730.1, 3.8147e-06, -16786.3 )
script = ExtResource( 6 )
attached_rail = "Höllkriegelsreuth"
on_rail_position = 290.0
forward = true
signal_type = 3
status = 1
signal_free_time = -1
speed = -1.0
visual_instance_path = "res://Resources/SignalTypes/Ks/Ks.tscn"
operation_mode = 0

[node name="Signal_BuchenhainA1" type="Spatial" parent="Signals" groups=["Signal"] instance=ExtResource( 5 )]
transform = Transform( 0.893019, 0, -0.450019, 0, 1, 0, 0.450019, 0, 0.893019, 11312.2, 3.8147e-06, -16476.4 )
script = ExtResource( 6 )
attached_rail = "Höllkriegelsreuth9PConnector2"
on_rail_position = 50.0
forward = true
signal_type = 3
status = 1
signal_free_time = -1
speed = 120.0
visual_instance_path = "res://Resources/SignalTypes/Ks/Ks.tscn"
operation_mode = 0

[node name="Goldensee" type="Spatial" parent="Signals" groups=["Signal"] instance=ExtResource( 3 )]
transform = Transform( 0.589131, 0, -0.808037, 0, 1, 0, 0.808037, 0, 0.589131, 3666.75, 3.8147e-06, -20859.6 )
script = ExtResource( 4 )
attached_rail = "Ebenhausen"
on_rail_position = 250.0
forward = true
length = 100
platform_side = 2
personSystem = true
platformHeight = 1.2
platformStart = 2.5
platformEnd = 4.5
assigned_signal = ""

[node name="Klingental" type="Spatial" parent="Signals" groups=["Signal"] instance=ExtResource( 3 )]
transform = Transform( 0.0712624, 0, -0.997458, 0, 1, 0, 0.997458, 0, 0.0712624, 8598.74, 3.8147e-06, -18521.6 )
script = ExtResource( 4 )
attached_rail = "Ebenhausen22"
on_rail_position = 2.0
forward = true
length = 0
platform_side = 2
personSystem = true
platformHeight = 1.2
platformStart = 2.5
platformEnd = 4.5
assigned_signal = ""

[node name="Siemenswerke" type="Spatial" parent="Signals" groups=["Signal"] instance=ExtResource( 3 )]
transform = Transform( 0.748053, 0, -0.663639, 0, 1, 0, 0.663639, 0, 0.748053, 9709.86, 3.8147e-06, -17564.7 )
script = ExtResource( 4 )
attached_rail = "Buchenhain2"
on_rail_position = 300.0
forward = true
length = 0
platform_side = 2
personSystem = true
platformHeight = 1.2
platformStart = 2.5
platformEnd = 4.5
assigned_signal = ""

[node name="Buchenhain" type="Spatial" parent="Signals" groups=["Signal"] instance=ExtResource( 3 )]
transform = Transform( 0.875349, 0, -0.483491, 0, 1, 0, 0.483491, 0, 0.875349, 11092.9, 3.8147e-06, -16596.4 )
script = ExtResource( 4 )
attached_rail = "Höllkriegelsreuth9P"
on_rail_position = 0.0
forward = true
length = 0
platform_side = 1
personSystem = true
platformHeight = 1.2
platformStart = 2.5
platformEnd = 4.5
assigned_signal = ""

[node name="Signal3" type="Spatial" parent="Signals" groups=["Signal"] instance=ExtResource( 5 )]
transform = Transform( 0.875882, 0, -0.482526, 0, 1, 0, 0.482526, 0, 0.875882, 11735.6, 3.8147e-06, -16250.1 )
script = ExtResource( 6 )
attached_rail = "Höllkriegelsreuth13P"
on_rail_position = 30.0
forward = true
signal_type = 3
status = 1
signal_free_time = -1
speed = 160.0
visual_instance_path = "res://Resources/SignalTypes/Ks/Ks.tscn"
operation_mode = 0

[node name="Signal4" type="Spatial" parent="Signals" groups=["Signal"] instance=ExtResource( 5 )]
transform = Transform( 0.866201, 0, -0.499696, 0, 1, 0, 0.499696, 0, 0.866201, 11302.1, 3.8147e-06, -16501.4 )
script = ExtResource( 6 )
attached_rail = "Höllkriegelsreuth5P3Connector"
on_rail_position = 30.0
forward = true
signal_type = 3
status = 1
signal_free_time = -1
speed = -1.0
visual_instance_path = "res://Resources/SignalTypes/Ks/Ks.tscn"
operation_mode = 0

[node name="Signal5" type="Spatial" parent="Signals" groups=["Signal"] instance=ExtResource( 5 )]
transform = Transform( 0.875359, 0, -0.483473, 0, 1, 0, 0.483473, 0, 0.875359, 11300.1, 3.8147e-06, -16495.7 )
script = ExtResource( 6 )
attached_rail = "Höllkriegelsreuth10"
on_rail_position = 30.0
forward = true
signal_type = 3
status = 1
signal_free_time = -1
speed = -1.0
visual_instance_path = "res://Resources/SignalTypes/Ks/Ks.tscn"
operation_mode = 0

[node name="Signal6" type="Spatial" parent="Signals" groups=["Signal"] instance=ExtResource( 5 )]
transform = Transform( 0.82988, 0, -0.557943, 0, 1, 0, 0.557943, 0, 0.82988, 11015.6, 3.8147e-06, -16664.9 )
script = ExtResource( 6 )
attached_rail = "Höllkriegelsreuth5P4"
on_rail_position = 100.0
forward = false
signal_type = 3
status = 1
signal_free_time = -1
speed = -1.0
visual_instance_path = "res://Resources/SignalTypes/Ks/Ks.tscn"
operation_mode = 0

[node name="Signal7" type="Spatial" parent="Signals" groups=["Signal"] instance=ExtResource( 5 )]
transform = Transform( -0.875351, 0, 0.483488, 0, 1, 0, -0.483488, 0, -0.875351, 11105.3, 3.8147e-06, -16610.4 )
script = ExtResource( 6 )
attached_rail = "Höllkriegelsreuth5P3"
on_rail_position = 5.0
forward = false
signal_type = 3
status = 1
signal_free_time = -1
speed = -1.0
visual_instance_path = "res://Resources/SignalTypes/Ks/Ks.tscn"
operation_mode = 0

[node name="Signal8" type="Spatial" parent="Signals" groups=["Signal"] instance=ExtResource( 5 )]
transform = Transform( -0.906242, 0, 0.422759, 0, 1, 0, -0.422759, 0, -0.906242, 11080.9, 3.8147e-06, -16616 )
script = ExtResource( 6 )
attached_rail = "Höllkriegelsreuth9Connector"
on_rail_position = 20.0
forward = true
signal_type = 3
status = 1
signal_free_time = -1
speed = -1.0
visual_instance_path = "res://Resources/SignalTypes/Ks/Ks.tscn"
operation_mode = 0

[node name="Signal9" type="Spatial" parent="Signals" groups=["Signal"] instance=ExtResource( 5 )]
transform = Transform( -0.87933, 0, 0.476213, 0, 1, 0, -0.476213, 0, -0.87933, 11075.6, 3.8147e-06, -16605.9 )
script = ExtResource( 6 )
attached_rail = "Höllkriegelsreuth9PConnector"
on_rail_position = 30.0
forward = false
signal_type = 3
status = 1
signal_free_time = -1
speed = -1.0
visual_instance_path = "res://Resources/SignalTypes/Ks/Ks.tscn"
operation_mode = 0

[node name="Signal10" type="Spatial" parent="Signals" groups=["Signal"] instance=ExtResource( 5 )]
transform = Transform( -0.743846, 0, 0.668351, 0, 1, 0, -0.668351, 0, -0.743846, 10176.1, 3.8147e-06, -17141.2 )
script = ExtResource( 6 )
attached_rail = "Buchenhain3"
on_rail_position = 30.0
forward = false
signal_type = 3
status = 1
signal_free_time = -1
speed = -1.0
visual_instance_path = "res://Resources/SignalTypes/Ks/Ks.tscn"
operation_mode = 0

[node name="Signal11" type="Spatial" parent="Signals" groups=["Signal"] instance=ExtResource( 5 )]
transform = Transform( -0.824967, 0, 0.565181, 0, 1, 0, -0.565181, 0, -0.824967, 8728.02, 3.8147e-06, -18187.4 )
script = ExtResource( 6 )
attached_rail = "Ebenhausen24"
on_rail_position = 30.0
forward = false
signal_type = 3
status = 1
signal_free_time = -1
speed = -1.0
visual_instance_path = "res://Resources/SignalTypes/Ks/Ks.tscn"
operation_mode = 0

[node name="Signal12" type="Spatial" parent="Signals" groups=["Signal"] instance=ExtResource( 5 )]
transform = Transform( -0.153667, 0, 0.988123, 0, 1, 0, -0.988123, 0, -0.153667, 8600.42, 3.8147e-06, -18545.3 )
script = ExtResource( 6 )
attached_rail = "Ebenhausen21"
on_rail_position = 330.0
forward = false
signal_type = 3
status = 1
signal_free_time = -1
speed = -1.0
visual_instance_path = "res://Resources/SignalTypes/Ks/Ks.tscn"
operation_mode = 0

[node name="Signal13" type="Spatial" parent="Signals" groups=["Signal"] instance=ExtResource( 5 )]
transform = Transform( -0.51633, 0, 0.85639, 0, 1, 0, -0.85639, 0, -0.51633, 7794.53, 3.8147e-06, -19352.7 )
script = ExtResource( 6 )
attached_rail = "Ebenhausen17"
on_rail_position = 100.0
forward = false
signal_type = 3
status = 1
signal_free_time = -1
speed = -1.0
visual_instance_path = "res://Resources/SignalTypes/Ks/Ks.tscn"
operation_mode = 0

[node name="Signal14" type="Spatial" parent="Signals" groups=["Signal"] instance=ExtResource( 5 )]
transform = Transform( -0.784905, 0, 0.619616, 0, 1, 0, -0.619616, 0, -0.784905, 6514.36, 3.8147e-06, -19884.9 )
script = ExtResource( 6 )
attached_rail = "Ebenhausen13"
on_rail_position = 50.0
forward = false
signal_type = 3
status = 1
signal_free_time = -1
speed = -1.0
visual_instance_path = "res://Resources/SignalTypes/Ks/Ks.tscn"
operation_mode = 0

[node name="Signal15" type="Spatial" parent="Signals" groups=["Signal"] instance=ExtResource( 5 )]
transform = Transform( -0.850411, 0, 0.526119, 0, 1, 0, -0.526119, 0, -0.850411, 5299.15, 3.8147e-06, -20505.6 )
script = ExtResource( 6 )
attached_rail = "Ebenhausen9"
on_rail_position = 50.0
forward = false
signal_type = 3
status = 1
signal_free_time = -1
speed = -1.0
visual_instance_path = "res://Resources/SignalTypes/Ks/Ks.tscn"
operation_mode = 0

[node name="Signal16" type="Spatial" parent="Signals" groups=["Signal"] instance=ExtResource( 5 )]
transform = Transform( -0.999873, 0, 0.0159356, 0, 1, 0, -0.0159356, 0, -0.999873, 4083.65, 3.8147e-06, -20536.7 )
script = ExtResource( 6 )
attached_rail = "Ebenhausen3"
on_rail_position = 50.0
forward = false
signal_type = 3
status = 1
signal_free_time = -1
speed = 60.0
visual_instance_path = "res://Resources/SignalTypes/Ks/Ks.tscn"
operation_mode = 0

[node name="Signal17" type="Spatial" parent="Signals" groups=["Signal"] instance=ExtResource( 5 )]
transform = Transform( -0.616733, 0, 0.787172, 0, 1, 0, -0.787172, 0, -0.616733, 3522.95, 3.8147e-06, -21065.5 )
script = ExtResource( 6 )
attached_rail = "Icking12"
on_rail_position = 300.0
forward = false
signal_type = 3
status = 1
signal_free_time = -1
speed = -1.0
visual_instance_path = "res://Resources/SignalTypes/Ks/Ks.tscn"
operation_mode = 0

[node name="Signal18" type="Spatial" parent="Signals" groups=["Signal"] instance=ExtResource( 5 )]
transform = Transform( -0.748005, 0, 0.663693, 0, 1, 0, -0.663693, 0, -0.748005, 2395.27, 3.8147e-06, -21563.5 )
script = ExtResource( 6 )
attached_rail = "Icking9"
on_rail_position = 50.0
forward = false
signal_type = 3
status = 1
signal_free_time = -1
speed = -1.0
visual_instance_path = "res://Resources/SignalTypes/Ks/Ks.tscn"
operation_mode = 0

[node name="Signal19" type="Spatial" parent="Signals" groups=["Signal"] instance=ExtResource( 5 )]
transform = Transform( -0.939096, 0, 0.343655, 0, 1, 0, -0.343655, 0, -0.939096, 1050.51, 3.8147e-06, -22057.8 )
script = ExtResource( 6 )
attached_rail = "Icking6"
on_rail_position = 450.0
forward = false
signal_type = 3
status = 1
signal_free_time = -1
speed = -1.0
visual_instance_path = "res://Resources/SignalTypes/Ks/Ks.tscn"
operation_mode = 0

[node name="Signal20" type="Spatial" parent="Signals" groups=["Signal"] instance=ExtResource( 5 )]
transform = Transform( -0.822065, 0, 0.569394, 0, 1, 0, -0.569394, 0, -0.822065, 240.083, 3.8147e-06, -22509.9 )
script = ExtResource( 6 )
attached_rail = "Icking4"
on_rail_position = 20.0
forward = false
signal_type = 3
status = 1
signal_free_time = -1
speed = -1.0
visual_instance_path = "res://Resources/SignalTypes/Ks/Ks.tscn"
operation_mode = 0

[node name="Signal21" type="Spatial" parent="Signals" groups=["Signal"] instance=ExtResource( 5 )]
transform = Transform( -0.893743, 0, 0.448578, 0, 1, 0, -0.448578, 0, -0.893743, -362.611, 3.8147e-06, -22935.2 )
script = ExtResource( 6 )
attached_rail = "RailP13"
on_rail_position = 80.0
forward = false
signal_type = 3
status = 1
signal_free_time = -1
speed = -1.0
visual_instance_path = "res://Resources/SignalTypes/Ks/Ks.tscn"
operation_mode = 0

[node name="Signal22" type="Spatial" parent="Signals" groups=["Signal"] instance=ExtResource( 5 )]
transform = Transform( -0.89864, 0, 0.438687, 0, 1, 0, -0.438687, 0, -0.89864, -1266.38, 3.8147e-06, -22721.6 )
script = ExtResource( 6 )
attached_rail = "RailP9"
on_rail_position = 300.0
forward = false
signal_type = 3
status = 1
signal_free_time = -1
speed = -1.0
visual_instance_path = "res://Resources/SignalTypes/Ks/Ks.tscn"
operation_mode = 0

[node name="Signal23" type="Spatial" parent="Signals" groups=["Signal"] instance=ExtResource( 5 )]
transform = Transform( -0.959017, 0, 0.283348, 0, 1, 0, -0.283348, 0, -0.959017, -2550.46, 3.8147e-06, -23272.4 )
script = ExtResource( 6 )
attached_rail = "RailP5"
on_rail_position = 600.0
forward = false
signal_type = 3
status = 1
signal_free_time = -1
speed = -1.0
visual_instance_path = "res://Resources/SignalTypes/Ks/Ks.tscn"
operation_mode = 0

[node name="Signal24" type="Spatial" parent="Signals" groups=["Signal"] instance=ExtResource( 5 )]
transform = Transform( -0.948388, 0, -0.317113, 0, 1, 0, 0.317113, 0, -0.948388, -3281.25, 3.8147e-06, -23055.1 )
script = ExtResource( 6 )
attached_rail = "RailP4"
on_rail_position = 5.0
forward = false
signal_type = 3
status = 1
signal_free_time = -1
speed = 80.0
visual_instance_path = "res://Resources/SignalTypes/Ks/Ks.tscn"
operation_mode = 0

[node name="Signal25" type="Spatial" parent="Signals" groups=["Signal"] instance=ExtResource( 5 )]
transform = Transform( -0.991335, 0, 0.131357, 0, 1, 0, -0.131357, 0, -0.991335, -3995.76, 3.8147e-06, -23004.6 )
script = ExtResource( 6 )
attached_rail = "RailP15"
on_rail_position = 270.0
forward = true
signal_type = 3
status = 1
signal_free_time = -1
speed = 80.0
visual_instance_path = "res://Resources/SignalTypes/Ks/Ks.tscn"
operation_mode = 0

[node name="Signal26" type="Spatial" parent="Signals" groups=["Signal"] instance=ExtResource( 5 )]
transform = Transform( -0.991334, 0, 0.131364, 0, 1, 0, -0.131364, 0, -0.991334, -4000.97, 3.8147e-06, -23017.4 )
script = ExtResource( 6 )
attached_rail = "RailP"
on_rail_position = 20.0
forward = false
signal_type = 3
status = 1
signal_free_time = -1
speed = -1.0
visual_instance_path = "res://Resources/SignalTypes/Ks/Ks.tscn"
operation_mode = 0

[node name="Signal27" type="Spatial" parent="Signals" groups=["Signal"] instance=ExtResource( 5 )]
transform = Transform( -0.991334, 0, 0.131364, 0, 1, 0, -0.131364, 0, -0.991334, -4000.37, 3.8147e-06, -23021.9 )
script = ExtResource( 6 )
attached_rail = "Rail"
on_rail_position = 20.0
forward = false
signal_type = 3
status = 1
signal_free_time = -1
speed = -1.0
visual_instance_path = "res://Resources/SignalTypes/Ks/Ks.tscn"
operation_mode = 0

[node name="Buchenhain2R" type="Spatial" parent="Signals" groups=["Signal"] instance=ExtResource( 3 )]
transform = Transform( -0.875408, 0, 0.483385, 0, 1, 0, -0.483385, 0, -0.875408, 11265, 3.8147e-06, -16515 )
script = ExtResource( 4 )
attached_rail = "Höllkriegelsreuth9"
on_rail_position = 190.0
forward = false
length = 0
platform_side = 1
personSystem = true
platformHeight = 1.2
platformStart = 2.5
platformEnd = 4.5
assigned_signal = ""

[node name="SiemenswerkeR" type="Spatial" parent="Signals" groups=["Signal"] instance=ExtResource( 3 )]
transform = Transform( -0.744323, 0, 0.66782, 0, 1, 0, -0.66782, 0, -0.744323, 9818.06, 3.8147e-06, -17468.2 )
script = ExtResource( 4 )
attached_rail = "Buchenhain2"
on_rail_position = 445.0
forward = false
length = 0
platform_side = 1
personSystem = true
platformHeight = 1.2
platformStart = 2.5
platformEnd = 4.5
assigned_signal = ""

[node name="KlingentalR" type="Spatial" parent="Signals" groups=["Signal"] instance=ExtResource( 3 )]
transform = Transform( -0.0708191, 0, 0.997489, 0, 1, 0, -0.997489, 0, -0.0708191, 8613.65, 3.8147e-06, -18370.7 )
script = ExtResource( 4 )
attached_rail = "Ebenhausen25Connector"
on_rail_position = 70.0
forward = false
length = 0
platform_side = 2
personSystem = true
platformHeight = 1.2
platformStart = 2.5
platformEnd = 4.5
assigned_signal = ""

[node name="GoldenseeR" type="Spatial" parent="Signals" groups=["Signal"] instance=ExtResource( 3 )]
transform = Transform( -0.588956, 0, 0.808165, 0, 1, 0, -0.808165, 0, -0.588956, 3768.8, 3.8147e-06, -20728.6 )
script = ExtResource( 4 )
attached_rail = "Icking13"
on_rail_position = 400.0
forward = false
length = 100
platform_side = 2
personSystem = true
platformHeight = 1.2
platformStart = 2.5
platformEnd = 4.5
assigned_signal = ""

[node name="SilberbachR" type="Spatial" parent="Signals" groups=["Signal"] instance=ExtResource( 3 )]
transform = Transform( -0.804559, 0, 0.593873, 0, 1, 0, -0.593873, 0, -0.804559, -55.3442, 3.8147e-06, -22748.4 )
script = ExtResource( 4 )
attached_rail = "Icking2P"
on_rail_position = 340.0
forward = false
length = 0
platform_side = 2
personSystem = true
platformHeight = 1.2
platformStart = 2.5
platformEnd = 4.5
assigned_signal = ""

[node name="Wolfsfurt2R" type="Spatial" parent="Signals" groups=["Signal"] instance=ExtResource( 3 )]
transform = Transform( -0.991326, 0, 0.131424, 0, 1, 0, -0.131424, 0, -0.991326, -3822.53, 3.8147e-06, -22993.7 )
script = ExtResource( 4 )
attached_rail = "RailP"
on_rail_position = 200.0
forward = false
length = 0
platform_side = 1
personSystem = true
platformHeight = 1.2
platformStart = 2.5
platformEnd = 4.5
assigned_signal = ""

[node name="Wolfsfurt2" type="Spatial" parent="Signals" groups=["Signal"] instance=ExtResource( 3 )]
transform = Transform( 0.991333, 0, -0.131374, 0, 1, 0, 0.131374, 0, 0.991333, -3971.23, 3.8147e-06, -23013.4 )
script = ExtResource( 4 )
attached_rail = "RailP"
on_rail_position = 50.0
forward = true
length = 0
platform_side = 2
personSystem = true
platformHeight = 1.2
platformStart = 2.5
platformEnd = 4.5
assigned_signal = ""

[node name="SpeedLimit" type="Spatial" parent="Signals" groups=["Signal"] instance=ExtResource( 7 )]
transform = Transform( -0.891078, 0, 0.453851, 0, 1, 0, -0.453851, 0, -0.891078, 10730.1, 3.8147e-06, -16786.3 )
script = ExtResource( 8 )
attached_rail = "Höllkriegelsreuth"
on_rail_position = 290.0
forward = false
speed = 90.0

[node name="SpeedLimit2" type="Spatial" parent="Signals" groups=["Signal"] instance=ExtResource( 7 )]
transform = Transform( -0.899445, 0, 0.437033, 0, 1, 0, -0.437033, 0, -0.899445, 8883.79, 3.8147e-06, -18097.7 )
script = ExtResource( 8 )
attached_rail = "Ebenhausen26"
on_rail_position = 10.0
forward = false
speed = 90.0

[node name="SpeedLimit3" type="Spatial" parent="Signals" groups=["Signal"] instance=ExtResource( 7 )]
transform = Transform( -0.875436, 0, 0.483334, 0, 1, 0, -0.483334, 0, -0.875436, 8409.02, 3.8147e-06, -18811.3 )
script = ExtResource( 8 )
attached_rail = "Ebenhausen19"
on_rail_position = 340.0
forward = false
speed = 90.0

[node name="SpeedLimit4" type="Spatial" parent="Signals" groups=["Signal"] instance=ExtResource( 7 )]
transform = Transform( -0.533051, 0, 0.846083, 0, 1, 0, -0.846083, 0, -0.533051, 7737.65, 3.8147e-06, -19446.8 )
script = ExtResource( 8 )
attached_rail = "Ebenhausen16"
on_rail_position = 390.0
forward = false
speed = 110.0

[node name="SpeedLimit5" type="Spatial" parent="Signals" groups=["Signal"] instance=ExtResource( 7 )]
transform = Transform( -0.956639, 0, 0.291275, 0, 1, 0, -0.291275, 0, -0.956639, 3269.69, 3.8147e-06, -21235.3 )
script = ExtResource( 8 )
attached_rail = "Icking10"
on_rail_position = 690.0
forward = false
speed = 120.0

[node name="SpeedLimit6" type="Spatial" parent="Signals" groups=["Signal"] instance=ExtResource( 7 )]
transform = Transform( -0.911274, 0, 0.4118, 0, 1, 0, -0.4118, 0, -0.911274, -487.69, 3.8147e-06, -22997.8 )
script = ExtResource( 8 )
attached_rail = "RailP11"
on_rail_position = 390.0
forward = false
speed = 80.0

[node name="SpeedLimit7" type="Spatial" parent="Signals" groups=["Signal"] instance=ExtResource( 7 )]
transform = Transform( -0.89863, 0, 0.438708, 0, 1, 0, -0.438708, 0, -0.89863, -1230.44, 3.8147e-06, -22704.1 )
script = ExtResource( 8 )
attached_rail = "RailP9"
on_rail_position = 340.0
forward = false
speed = 100.0

[node name="ContactPoint" type="Spatial" parent="Signals" groups=["Signal"] instance=ExtResource( 9 )]
transform = Transform( 0.876443, 0, -0.481505, 0, 1, 0, 0.481505, 0, 0.876443, 10996.7, 3.8147e-06, -16648.4 )
script = ExtResource( 10 )
attached_rail = "Höllkriegelsreuth3"
on_rail_position = 140.0
forward = true
affectedSignal = "Signal8"
disabled = false
newStatus = 1
newSpeed = -1.0
enable_for_all_trains = true
bySpecificTrain = ""
affectTime = 0.1

[node name="ContactPoint2" type="Spatial" parent="Signals" groups=["Signal"] instance=ExtResource( 9 )]
transform = Transform( -0.588946, 0, 0.808172, 0, 1, 0, -0.808172, 0, -0.588946, 3815.92, 3.8147e-06, -20664 )
script = ExtResource( 10 )
attached_rail = "Icking13"
on_rail_position = 480.0
forward = false
affectedSignal = "Signal_Goldensee_A1"
disabled = false
newStatus = 1
newSpeed = -1.0
enable_for_all_trains = true
bySpecificTrain = ""
affectTime = 0.1

[node name="ContactPoint3" type="Spatial" parent="Signals" groups=["Signal"] instance=ExtResource( 9 )]
transform = Transform( 0.589004, 0, -0.80813, 0, 1, 0, 0.80813, 0, 0.589004, 3519.5, 3.8147e-06, -21061.6 )
script = ExtResource( 10 )
attached_rail = "Ebenhausen"
on_rail_position = 0.0
forward = true
affectedSignal = "Signal17"
disabled = false
newStatus = 1
newSpeed = -1.0
enable_for_all_trains = true
bySpecificTrain = ""
affectTime = 0.1

[node name="Wolfsfurt1R" type="Spatial" parent="Signals" groups=["Signal"] instance=ExtResource( 3 )]
transform = Transform( -0.991335, 0, 0.131357, 0, 1, 0, -0.131357, 0, -0.991335, -3822.28, 3.8147e-06, -22981.6 )
script = ExtResource( 4 )
attached_rail = "RailP15"
on_rail_position = 95.0
forward = true
length = 0
platform_side = 2
personSystem = true
platformHeight = 1.2
platformStart = 2.5
platformEnd = 4.5
assigned_signal = ""

[node name="ContactPoint4" type="Spatial" parent="Signals" groups=["Signal"] instance=ExtResource( 9 )]
transform = Transform( -0.998701, 0, -0.0509547, 0, 1, 0, 0.0509547, 0, -0.998701, -3623.41, 3.8147e-06, -22964.9 )
script = ExtResource( 10 )
attached_rail = "RailP14"
on_rail_position = 150.0
forward = true
affectedSignal = "Signal2"
disabled = false
newStatus = 1
newSpeed = 80.0
enable_for_all_trains = true
bySpecificTrain = "Player"
affectTime = 4.0

[node name="Hainfurt_2" type="Spatial" parent="Signals" groups=["Signal"] instance=ExtResource( 3 )]
transform = Transform( 0.776197, 0, 0.630491, 0, 1, 0, -0.630491, 0, 0.776197, 21351.7, 3.8147e-06, -14771.1 )
script = ExtResource( 4 )
attached_rail = "HainfurtP2P10"
on_rail_position = 50.0
forward = true
length = 230
platform_side = 2
personSystem = true
platformHeight = 1.2
platformStart = 2.5
platformEnd = 4.5
assigned_signal = ""

[node name="BuchenhainSiedlung" type="Spatial" parent="Signals" groups=["Signal"] instance=ExtResource( 3 )]
transform = Transform( 0.89168, 0, -0.452666, 0, 1, 0, 0.452666, 0, 0.89168, 12811.9, 3.8147e-06, -15686.3 )
script = ExtResource( 4 )
attached_rail = "Höllkriegelsreuth14P"
on_rail_position = 295.0
forward = true
length = 0
platform_side = 2
personSystem = true
platformHeight = 1.2
platformStart = 2.5
platformEnd = 4.5
assigned_signal = ""

[node name="BuchenhainSiedlungR" type="Spatial" parent="Signals" groups=["Signal"] instance=ExtResource( 3 )]
transform = Transform( -0.891676, 0, 0.452674, 0, 1, 0, -0.452674, 0, -0.891676, 12912, 3.8147e-06, -15640.5 )
script = ExtResource( 4 )
attached_rail = "Höllkriegelsreuth14PP"
on_rail_position = 405.0
forward = false
length = 0
platform_side = 2
personSystem = true
platformHeight = 1.2
platformStart = 2.5
platformEnd = 4.5
assigned_signal = ""

[node name="Borsdorf" type="Spatial" parent="Signals" groups=["Signal"] instance=ExtResource( 3 )]
transform = Transform( 0.956771, 0, -0.290843, 0, 1, 0, 0.290843, 0, 0.956771, 14297.9, 3.8147e-06, -14958.3 )
script = ExtResource( 4 )
attached_rail = "Höllkriegelsreuth14P3"
on_rail_position = 100.0
forward = true
length = 0
platform_side = 2
personSystem = true
platformHeight = 1.2
platformStart = 2.5
platformEnd = 4.5
assigned_signal = ""

[node name="BorsdorfR" type="Spatial" parent="Signals" groups=["Signal"] instance=ExtResource( 3 )]
transform = Transform( -0.993048, 0, 0.117708, 0, 1, 0, -0.117708, 0, -0.993048, 14397.6, 3.8147e-06, -14942.1 )
script = ExtResource( 4 )
attached_rail = "Höllkriegelsreuth14P3P"
on_rail_position = 200.0
forward = false
length = 0
platform_side = 2
personSystem = true
platformHeight = 1.2
platformStart = 2.5
platformEnd = 4.5
assigned_signal = ""

[node name="Ostkurve" type="Spatial" parent="Signals" groups=["Signal"] instance=ExtResource( 3 )]
transform = Transform( 0.996065, 0, 0.0886218, 0, 1, 0, -0.0886218, 0, 0.996065, 15218.9, 3.8147e-06, -15255.3 )
script = ExtResource( 4 )
attached_rail = "Höllkriegelsreuth14P5P5P3"
on_rail_position = 45.0
forward = true
length = 0
platform_side = 2
personSystem = true
platformHeight = 1.2
platformStart = 2.5
platformEnd = 4.5
assigned_signal = ""

[node name="OstkurveR" type="Spatial" parent="Signals" groups=["Signal"] instance=ExtResource( 3 )]
transform = Transform( -0.98791, 0, 0.155025, 0, 1, 0, -0.155025, 0, -0.98791, 15441, 3.8147e-06, -15258.4 )
script = ExtResource( 4 )
attached_rail = "Höllkriegelsreuth14P5P5P2P2"
on_rail_position = 255.0
forward = false
length = 0
platform_side = 1
personSystem = true
platformHeight = 1.2
platformStart = 2.5
platformEnd = 4.5
assigned_signal = ""

[node name="Mockau" type="Spatial" parent="Signals" groups=["Signal"] instance=ExtResource( 3 )]
transform = Transform( 0.976707, 0, -0.214577, 0, 1, 0, 0.214577, 0, 0.976707, 16152.5, 3.8147e-06, -15096.3 )
script = ExtResource( 4 )
attached_rail = "Höllkriegelsreuth14P5P5P7"
on_rail_position = 95.0
forward = true
length = 0
platform_side = 2
personSystem = true
platformHeight = 1.2
platformStart = 2.5
platformEnd = 4.5
assigned_signal = ""

[node name="MockauR" type="Spatial" parent="Signals" groups=["Signal"] instance=ExtResource( 3 )]
transform = Transform( -0.974611, 0, 0.223904, 0, 1, 0, -0.223904, 0, -0.974611, 16260.7, 3.8147e-06, -15076.6 )
script = ExtResource( 4 )
attached_rail = "Höllkriegelsreuth14P5P5P7P2"
on_rail_position = 205.0
forward = false
length = 0
platform_side = 2
personSystem = true
platformHeight = 1.2
platformStart = 2.5
platformEnd = 4.5
assigned_signal = ""

[node name="Pantzisch" type="Spatial" parent="Signals" groups=["Signal"] instance=ExtResource( 3 )]
transform = Transform( 0.95886, 0, -0.283878, 0, 1, 0, 0.283878, 0, 0.95886, 17310.4, 3.8147e-06, -14782.6 )
script = ExtResource( 4 )
attached_rail = "Höllkriegelsreuth14P5P5P8"
on_rail_position = 295.0
forward = true
length = 0
platform_side = 2
personSystem = true
platformHeight = 1.2
platformStart = 2.5
platformEnd = 4.5
assigned_signal = ""

[node name="PantzischR" type="Spatial" parent="Signals" groups=["Signal"] instance=ExtResource( 3 )]
transform = Transform( -0.959668, 0, 0.281135, 0, 1, 0, -0.281135, 0, -0.959668, 17417.2, 3.8147e-06, -14755.9 )
script = ExtResource( 4 )
attached_rail = "Höllkriegelsreuth14P5P5P8P"
on_rail_position = 405.0
forward = false
length = 0
platform_side = 2
personSystem = true
platformHeight = 1.2
platformStart = 2.5
platformEnd = 4.5
assigned_signal = ""

[node name="Machern" type="Spatial" parent="Signals" groups=["Signal"] instance=ExtResource( 3 )]
transform = Transform( 0.994678, 0, -0.10303, 0, 1, 0, 0.10303, 0, 0.994678, 18489.4, 3.8147e-06, -14545.2 )
script = ExtResource( 4 )
attached_rail = "Höllkriegelsreuth14P5P5P8P2P3P3P"
on_rail_position = 0.0
forward = true
length = 0
platform_side = 1
personSystem = true
platformHeight = 1.2
platformStart = 2.5
platformEnd = 4.5
assigned_signal = ""

[node name="MachernR" type="Spatial" parent="Signals" groups=["Signal"] instance=ExtResource( 3 )]
transform = Transform( -0.994678, 0, 0.10303, 0, 1, 0, -0.10303, 0, -0.994678, 18689.5, 3.8147e-06, -14536.5 )
script = ExtResource( 4 )
attached_rail = "Höllkriegelsreuth14P5P5P8P2P3P3"
on_rail_position = 200.0
forward = false
length = 0
platform_side = 1
personSystem = true
platformHeight = 1.2
platformStart = 2.5
platformEnd = 4.5
assigned_signal = ""

[node name="Harras" type="Spatial" parent="Signals" groups=["Signal"] instance=ExtResource( 3 )]
transform = Transform( 0.999873, 0, -0.015946, 0, 1, 0, 0.015946, 0, 0.999873, 19960.2, 3.8147e-06, -14435.8 )
script = ExtResource( 4 )
attached_rail = "Harras2PP3"
on_rail_position = 0.0
forward = true
length = 0
platform_side = 1
personSystem = true
platformHeight = 1.2
platformStart = 2.5
platformEnd = 4.5
assigned_signal = ""

[node name="HarrasR" type="Spatial" parent="Signals" groups=["Signal"] instance=ExtResource( 3 )]
transform = Transform( -0.999876, 0, 0.015748, 0, 1, 0, -0.015748, 0, -0.999876, 20160.4, 3.8147e-06, -14444.6 )
script = ExtResource( 4 )
attached_rail = "Harras2PP3P"
on_rail_position = 200.0
forward = false
length = 0
platform_side = 1
personSystem = true
platformHeight = 1.2
platformStart = 2.5
platformEnd = 4.5
assigned_signal = ""

[node name="Signal28" type="Spatial" parent="Signals" groups=["Signal"] instance=ExtResource( 5 )]
transform = Transform( 0.78703, 0, 0.616915, 0, 1, 0, -0.616915, 0, 0.78703, 14878.2, 3.8147e-06, -15083.1 )
script = ExtResource( 6 )
attached_rail = "Höllkriegelsreuth14P5P2P2"
on_rail_position = 5.0
forward = true
signal_type = 3
status = 1
signal_free_time = -1
speed = -1.0
visual_instance_path = "res://Resources/SignalTypes/Ks/Ks.tscn"
operation_mode = 0

[node name="Signal29" type="Spatial" parent="Signals" groups=["Signal"] instance=ExtResource( 5 )]
transform = Transform( 0.787389, 0, 0.616457, 0, 1, 0, -0.616457, 0, 0.787389, 14875.4, 3.8147e-06, -15086.7 )
script = ExtResource( 6 )
attached_rail = "Höllkriegelsreuth14P5P3"
on_rail_position = 5.0
forward = true
signal_type = 3
status = 1
signal_free_time = -1
speed = -1.0
visual_instance_path = "res://Resources/SignalTypes/Ks/Ks.tscn"
operation_mode = 0

[node name="Signal30" type="Spatial" parent="Signals" groups=["Signal"] instance=ExtResource( 5 )]
transform = Transform( 0.774532, 0.048762, 0.630652, -0.0628323, 0.998024, 0, -0.629406, -0.0396253, 0.776065, 14903.5, 1.42043, -15085.8 )
script = ExtResource( 6 )
attached_rail = "Höllkriegelsreuth14P11"
on_rail_position = 5.0
forward = true
signal_type = 3
status = 1
signal_free_time = -1
speed = 60.0
visual_instance_path = "res://Resources/SignalTypes/Ks/Ks.tscn"
operation_mode = 0

